2459810.888257 17.147248 nan
2459810.895201 17.024118 nan
2459810.902145 16.912020 nan
2459810.916034 17.139101 nan
2459810.929923 17.055858 nan
2459810.936867 17.146634 nan
2459810.957700 17.151828 nan
2459810.964645 16.973597 nan
2459810.971589 17.074513 nan
2459810.978533 16.861553 nan
2459810.985478 17.045419 nan
2459810.992422 17.006345 nan
2459810.999366 17.161501 nan
2459811.006311 17.072084 nan
2459811.013255 16.851748 nan
2459811.020199 17.136253 nan
2459811.027144 16.857744 nan
2459811.034088 16.968211 nan
2459811.041032 16.832408 nan
2459811.047977 16.764264 nan
2459811.054921 16.980734 nan
2459811.061865 16.991923 nan
2459811.068810 16.808054 nan
2459811.075754 16.649375 nan
2459811.082698 16.801928 nan
2459811.089643 16.588717 nan
2459811.096587 16.496142 nan
2459811.103531 16.833224 nan
2459811.110476 16.537370 nan
2459811.117420 16.743870 nan
2459811.124365 16.556274 nan
2459811.131309 16.788221 nan
2459811.138253 16.791417 nan
2459811.145198 16.669656 nan
2459811.152142 16.549116 nan
2459811.159086 16.767565 nan
2459811.166031 16.582203 nan
2459811.172975 16.485775 nan
2459811.179919 16.550876 nan
2459811.186864 16.623337 nan
2459811.193808 16.483345 nan
2459811.200752 16.503683 nan
2459811.207697 16.499034 nan
2459811.214641 16.673759 nan
2459811.221585 16.418339 nan
2459811.228530 16.342468 nan
2459811.235474 16.493285 nan
2459811.242418 16.472159 nan
2459811.249363 16.416707 nan
2459811.256307 16.478530 nan
2459811.263251 16.500239 nan
2459811.270196 16.399660 nan
2459811.277140 16.412254 nan
2459811.284084 16.384556 nan
2459811.291029 16.434013 nan
2459811.297973 16.363249 nan
2459811.304918 16.476451 nan
2459811.311862 16.404223 nan
2459811.318806 16.460165 nan
2459811.325751 16.255368 nan
2459811.332695 16.243461 nan
2459811.339639 16.331699 nan
2459811.346584 16.489980 nan
2459811.353528 16.265921 nan
2459811.360472 16.373834 nan
2459811.367417 16.403804 nan
2459811.374361 16.331837 nan
2459811.381305 16.329853 nan
2459811.388250 16.250979 nan
2459811.395194 16.188430 nan
2459811.402138 16.179419 nan
2459811.409083 16.135696 nan
2459811.416027 16.060579 nan
2459811.422971 16.049300 nan
2459811.429916 16.028969 nan
2459811.436860 16.076029 nan
2459811.443804 16.057153 nan
2459811.450749 16.063772 nan
2459811.457693 15.929327 nan
2459811.464637 15.959763 nan
2459811.471582 15.944643 nan
2459811.478526 15.979680 nan
2459811.485470 16.003297 nan
2459811.492415 15.889243 nan
2459811.499359 15.941151 nan
2459811.506303 15.845551 nan
2459811.513248 15.826355 nan
2459811.520192 15.847092 nan
2459811.527136 15.868304 nan
2459811.534081 15.892962 nan
2459811.541025 15.870936 nan
2459811.547969 15.917549 nan
2459811.554914 15.857602 nan
2459811.561858 15.924249 nan
2459811.568802 16.021593 nan
2459811.575747 16.043453 nan
2459811.582691 16.033971 nan
2459811.589635 16.006094 nan
2459811.596580 15.962666 nan
2459811.603524 15.905044 nan
2459811.610468 15.946497 nan
2459811.617413 15.915836 nan
2459811.624357 15.905914 nan
2459811.631302 15.863197 nan
2459811.638246 15.814999 nan
2459811.645190 15.794500 nan
2459811.652135 15.766801 nan
2459811.659079 15.816644 nan
2459811.666023 15.801747 nan
2459811.672968 15.762554 nan
2459811.679912 15.769461 nan
2459811.686856 15.794341 nan
2459811.693801 15.811759 nan
2459811.700745 15.809545 nan
2459811.707689 15.817244 nan
2459811.714634 15.840968 nan
2459811.721578 15.839611 nan
2459811.728522 15.813969 nan
2459811.735467 15.822930 nan
2459811.742411 15.850873 nan
2459811.749355 15.879909 nan
2459811.756300 15.881223 nan
2459811.763244 15.826966 nan
2459811.770188 15.779926 nan
2459811.777133 15.913490 nan
2459811.784077 15.792140 nan
2459811.791021 15.806347 nan
2459811.797966 15.755364 nan
2459811.804910 15.713764 nan
2459811.811854 15.696013 nan
2459811.818799 15.749888 nan
2459811.825743 15.702158 nan
2459811.832687 15.677180 nan
2459811.839632 15.617889 nan
2459811.846576 15.669435 nan
2459811.853520 15.655414 nan
2459811.860465 15.663268 nan
2459811.867409 15.644289 nan
2459811.874353 15.547540 nan
2459811.881298 15.528446 nan
2459811.888242 15.580951 nan
2459811.895186 15.556515 nan
2459811.902131 15.539329 nan
2459811.909075 15.581958 nan
2459811.916019 15.592023 nan
2459811.922964 15.597361 nan
2459811.929908 15.516434 nan
2459811.936852 15.650642 nan
2459811.943797 15.581935 nan
2459811.950741 15.571635 nan
2459811.957685 15.642268 nan
2459811.964630 15.522764 nan
2459811.971574 15.540674 nan
2459811.978518 15.595574 nan
2459811.985463 15.606064 nan
2459811.992407 15.579429 nan
2459811.999351 15.501693 nan
2459812.006296 15.500118 nan
2459812.013240 15.502471 nan
2459812.020184 15.402180 4.973255
2459812.027129 15.411001 5.290781
2459812.034073 15.419440 nan
2459812.041017 15.341346 2.949494
2459812.047962 15.350179 3.023071
2459812.054906 15.378207 3.582382
2459812.061850 15.394408 4.277750
2459812.068795 15.402760 5.108789
2459812.075739 15.390657 3.724442
2459812.082683 15.392831 4.331995
2459812.089628 15.400810 4.457978
2459812.096572 15.357066 3.201243
2459812.103516 15.452355 nan
2459812.110461 15.420991 nan
2459812.117405 15.371547 3.325472
2459812.124349 15.411205 7.773725
2459812.131294 15.426819 nan
2459812.138238 15.436879 nan
2459812.145182 15.436386 nan
2459812.152127 15.433895 nan
2459812.159071 15.394053 4.217916
2459812.166015 15.341858 2.959865
2459812.172960 15.385336 3.902181
2459812.179904 15.345221 3.057240
2459812.186848 15.310186 2.580361
2459812.193793 15.328116 2.665278
2459812.200737 15.330497 2.828330
2459812.207681 15.291805 2.372185
2459812.214626 15.278779 2.263417
2459812.221570 15.253684 2.165685
2459812.228514 15.274000 2.295340
2459812.235459 15.223117 1.959097
2459812.242403 15.177239 1.733345
2459812.249347 15.194105 1.825361
2459812.256292 15.220133 1.955772
2459812.263236 15.180514 1.778866
2459812.270180 15.216275 1.936969
2459812.277125 15.195494 1.808887
2459812.284069 15.203739 1.894769
2459812.291013 15.215460 1.912407
2459812.297958 15.218914 1.904691
2459812.304902 15.255705 2.152936
2459812.311846 15.217541 1.922845
2459812.318791 15.266920 2.194356
2459812.325735 15.274918 2.258315
2459812.332679 15.234857 2.030805
2459812.339624 15.313388 2.602266
2459812.346568 15.306782 2.543347
2459812.353512 15.215675 1.951391
2459812.360457 15.280914 2.299314
2459812.367401 15.248254 2.088551
2459812.374345 15.229037 1.977544
2459812.381290 15.249628 2.147942
2459812.388234 15.219044 1.962832
2459812.395178 15.187230 1.787905
2459812.402123 15.234582 2.037355
2459812.409067 15.164294 1.710291
2459812.416011 15.215456 1.959326
2459812.422956 15.203014 1.861947
2459812.429900 15.184593 1.745531
2459812.436844 15.203111 1.834581
2459812.443789 15.226451 1.995199
2459812.450733 15.220394 1.941844
2459812.457677 15.242777 2.050618
2459812.464622 15.218413 1.920898
2459812.471566 15.220535 1.971855
2459812.478510 15.211740 1.898651
2459812.485455 15.239235 2.090491
2459812.492399 15.184008 1.799872
2459812.499343 15.205123 1.904162
2459812.506288 15.211344 1.898320
2459812.513232 15.266495 2.263049
2459812.520176 15.209332 1.874771
2459812.527121 15.256220 2.167723
2459812.534065 15.237328 2.049936
2459812.541009 15.279200 2.302241
2459812.547954 15.297954 2.475248
2459812.554898 15.325409 2.737228
2459812.561842 15.258588 2.139403
2459812.568787 15.270519 2.265651
2459812.575731 15.238640 2.059333
2459812.582675 15.216216 1.953019
2459812.589620 15.234344 2.035002
2459812.596564 15.209700 1.886339
2459812.603508 15.192105 1.831880
2459812.610453 15.199887 1.848176
2459812.617397 15.224072 1.986362
2459812.624341 15.173043 1.720914
2459812.631286 15.239419 2.069975
2459812.638230 15.278414 2.335005
2459812.645174 15.207723 1.897769
2459812.652119 15.265692 2.179841
2459812.659063 15.198536 1.865561
2459812.666007 15.238725 2.030890
2459812.672952 15.224838 1.976593
2459812.679896 15.265984 2.203962
2459812.686840 15.208074 1.891781
2459812.693785 15.231771 1.997526
2459812.700729 15.192877 1.829545
2459812.707673 15.243002 2.101347
2459812.714618 15.169174 1.742226
2459812.721562 15.220992 1.957491
2459812.728506 15.221586 1.953921
2459812.735451 15.177946 1.761898
2459812.742395 15.188218 1.826642
2459812.749339 15.198996 1.872965
2459812.756284 15.209193 1.905149
2459812.763228 15.219884 1.964422
2459812.770172 15.211606 1.883561
2459812.777117 15.157719 1.690091
2459812.784061 15.201841 1.832782
2459812.791005 15.222741 1.974984
2459812.797950 15.230683 2.001207
2459812.804894 15.184058 1.825868
2459812.811838 15.167751 1.739980
2459812.818783 15.212464 1.943549
2459812.825727 15.195451 1.853979
2459812.832671 15.155012 1.670658
2459812.839616 15.210416 1.945034
2459812.846560 15.163638 1.689156
2459812.853504 15.172357 1.721717
2459812.860449 15.137036 1.613959
2459812.867393 15.196172 1.847149
2459812.874337 15.163120 1.674458
2459812.881282 15.204390 1.877912
2459812.888226 15.232097 2.048012
2459812.895170 15.158777 1.688231
2459812.902115 15.200701 1.843360
2459812.909059 15.251052 2.130353
2459812.916003 15.171621 1.747230
2459812.922947 15.234992 2.051380
2459812.929892 15.196259 1.818143
2459812.936836 15.209903 1.889186
2459812.943780 15.196296 1.841871
2459812.950725 15.209984 1.929242
2459812.957669 15.212750 1.934639
2459812.964613 15.213428 1.907764
2459812.971558 15.218398 1.929400
2459812.978502 15.205275 1.880530
2459812.985446 15.238716 2.051934
2459812.992391 15.210923 1.898956
2459812.999335 15.236073 2.027425
2459813.006279 15.250882 2.127632
2459813.013224 15.210732 1.910586
2459813.020168 15.237723 2.063145
2459813.027112 15.273866 2.312798
2459813.034057 15.232090 1.984627
2459813.041001 15.176678 1.763486
2459813.047945 15.197813 1.838393
2459813.054890 15.161389 1.708684
2459813.061834 15.225236 2.015108
2459813.068778 15.189472 1.819840
2459813.075723 15.165923 1.697270
2459813.082667 15.169769 1.692368
2459813.089611 15.187748 1.792203
2459813.096556 15.149982 1.653868
2459813.103500 15.163062 1.718172
2459813.110444 15.162470 1.709258
2459813.117389 15.118803 1.564050
2459813.124333 15.139309 1.663239
2459813.131277 15.126861 1.576234
2459813.138222 15.156546 1.658353
2459813.145166 15.106860 1.512469
2459813.152110 15.130732 1.597081
2459813.159055 15.115615 1.547683
2459813.165999 15.093632 1.483491
2459813.172943 15.153669 1.666890
2459813.179888 15.087244 1.488114
2459813.186832 15.135027 1.625317
2459813.193776 15.085691 1.461720
2459813.200721 15.137128 1.654194
2459813.207665 15.100890 1.521674
2459813.214609 15.174960 1.775333
2459813.221554 15.071228 1.425187
2459813.228498 15.108706 1.490471
2459813.235442 15.071840 1.430557
2459813.242387 15.032761 1.330785
2459813.249331 15.025480 1.297663
2459813.256275 15.057040 1.386171
2459813.263220 15.047651 1.359245
2459813.270164 15.052981 1.375118
2459813.277108 15.005963 1.242570
2459813.284053 15.035463 1.322003
2459813.290997 14.995500 1.221369
2459813.297941 15.020604 1.277687
2459813.304886 14.997735 1.228913
2459813.311830 15.009979 1.268581
2459813.318774 14.991927 1.227440
2459813.325719 15.050499 1.357096
2459813.332663 15.001402 1.243272
2459813.339607 15.014387 1.290720
2459813.346552 15.021864 1.292269
2459813.353496 15.050347 1.374621
2459813.360440 15.062423 1.397644
2459813.367385 15.084062 1.448719
2459813.374329 14.997981 1.240670
2459813.381273 15.068861 1.403801
2459813.388218 15.083392 1.447729
2459813.395162 15.084942 1.462593
2459813.402106 15.026069 1.311625
2459813.409051 15.033380 1.333881
2459813.415995 15.080941 1.432800
2459813.422939 15.052104 1.347462
2459813.429884 15.006282 1.265079
2459813.436828 15.014094 1.276772
2459813.443772 15.006326 1.262365
2459813.450717 14.969034 1.191045
2459813.457661 14.964361 1.173362
2459813.464605 14.951857 1.154187
2459813.471550 14.924279 1.100726
2459813.478494 14.976218 1.189271
2459813.485438 14.962626 1.170406
2459813.492383 14.961538 1.157801
2459813.499327 14.977543 1.194629
2459813.506271 14.998909 1.255286
2459813.513216 15.011454 1.287848
2459813.520160 14.989365 1.217838
2459813.527104 15.004308 1.270947
2459813.534049 15.041125 1.327698
2459813.540993 15.006018 1.279203
2459813.547937 15.014012 1.282423
2459813.554882 15.028479 1.296826
2459813.561826 15.004379 1.248837
2459813.568770 15.039193 1.313642
2459813.575715 15.056190 1.396278
2459813.582659 14.994640 1.252601
2459813.589603 15.009300 1.268760
2459813.596548 15.022780 1.310375
2459813.603492 14.998975 1.253470
2459813.610436 15.027785 1.289157
2459813.617380 14.992422 1.229467
2459813.624325 14.973032 1.191657
2459813.631269 14.991432 1.238640
2459813.638213 14.979772 1.207914
2459813.645158 14.925423 1.111581
2459813.652102 14.964825 1.180900
2459813.659046 14.939788 1.120899
2459813.665991 14.963421 1.189454
2459813.672935 14.943663 1.144944
2459813.679879 14.921581 1.100147
2459813.686824 14.954840 1.164925
2459813.693768 14.959783 1.178854
2459813.700712 14.977118 1.191783
2459813.707657 14.978307 1.198509
2459813.714601 14.973611 1.205080
2459813.721545 14.989690 1.217601
2459813.728490 14.948660 1.145812
2459813.735434 14.993404 1.241590
2459813.742378 14.990797 1.251412
2459813.749323 14.975099 1.209920
2459813.756267 14.993750 1.243029
2459813.763211 15.003908 1.253565
2459813.770156 14.989549 1.214145
2459813.777100 14.992927 1.216901
2459813.784044 14.960028 1.162807
2459813.790989 14.980408 1.202164
2459813.797933 14.942266 1.132349
2459813.804877 14.933421 1.108692
2459813.811822 14.910298 1.072712
2459813.818766 14.908280 1.069512
2459813.825710 14.895489 1.061409
2459813.832655 14.915910 1.097592
2459813.839599 14.905508 1.068722
2459813.846543 14.913734 1.081714
2459813.853488 14.882413 1.032320
2459813.860432 14.905238 1.086225
2459813.867376 14.928992 1.110229
2459813.874321 14.931010 1.106183
2459813.881265 14.960132 1.171964
2459813.888209 14.942054 1.139915
2459813.895154 14.947075 1.144883
2459813.902098 14.928187 1.132518
2459813.909042 14.946469 1.125671
2459813.915987 14.928769 1.112172
2459813.922931 14.987636 1.228931
2459813.929875 14.975282 1.190894
2459813.936820 14.986205 1.209294
2459813.943764 14.930847 1.120802
2459813.950708 14.964006 1.178067
2459813.957653 14.957988 1.160439
2459813.964597 14.963720 1.174854
2459813.971541 14.927901 1.120134
2459813.978486 14.916579 1.087450
2459813.985430 14.900095 1.066289
2459813.992374 14.885356 1.043042
2459813.999319 14.888089 1.041158
2459814.006263 14.891175 1.049008
2459814.013207 14.917057 1.078807
2459814.020152 14.879898 1.019397
2459814.027096 14.819059 0.944676
2459814.034040 14.864664 1.005089
2459814.040985 14.858075 0.996424
2459814.047929 14.881117 1.038504
2459814.054873 14.873728 1.025411
2459814.061818 14.900694 1.062677
2459814.068762 14.874125 1.018412
2459814.075706 14.927850 1.122064
2459814.082651 14.898428 1.061830
2459814.089595 14.929079 1.118121
2459814.096539 14.899213 1.070501
2459814.103484 14.910944 1.076986
2459814.110428 14.903669 1.086223
2459814.117372 14.913698 1.096410
2459814.124316 14.953511 1.149540
2459814.131261 14.928392 1.114037
2459814.138205 14.898325 1.053312
2459814.145149 14.875598 1.013533
2459814.152094 14.890620 1.044256
2459814.159038 14.849773 0.988899
2459814.165982 14.864425 1.003049
2459814.172927 14.884203 1.039263
2459814.179871 14.907880 1.064573
2459814.186815 14.892206 1.049379
2459814.193760 14.882409 1.045928
2459814.200704 14.840283 0.964603
2459814.207648 14.872499 1.007611
2459814.214593 14.855941 0.993730
2459814.221537 14.861769 1.002759
2459814.228481 14.853158 0.991878
2459814.235426 14.880865 1.028594
2459814.242370 14.880354 1.043290
2459814.249314 14.869492 1.013626
2459814.256259 14.858159 0.999263
2459814.263203 14.899060 1.057168
2459814.270147 14.847860 0.976777
2459814.277092 14.863442 1.008994
2459814.284036 14.893117 1.058703
2459814.290980 14.872084 1.023499
2459814.297925 14.876292 1.012699
2459814.304869 14.867315 1.003296
2459814.311813 14.895611 1.054889
2459814.318758 14.897487 1.051072
2459814.325702 14.903992 1.076386
2459814.332646 14.903149 1.069099
2459814.339591 14.879457 1.029178
2459814.346535 14.827723 0.950954
2459814.353479 14.850192 0.979111
2459814.360424 14.854801 0.996919
2459814.367368 14.837565 0.966520
2459814.374312 14.848847 0.980905
2459814.381257 14.845671 0.977372
2459814.388201 14.828116 0.958005
2459814.395145 14.817024 0.933593
2459814.402090 14.805136 0.926443
2459814.409034 14.798964 0.923825
2459814.415978 14.774381 0.883936
2459814.422923 14.768358 0.870986
2459814.429867 14.786958 0.900642
2459814.436811 14.794078 0.908656
2459814.443756 14.780067 0.888460
2459814.450700 14.793088 0.900198
2459814.457644 14.806437 0.916875
2459814.464589 14.779956 0.895701
2459814.471533 14.795235 0.908207
2459814.478477 14.775054 0.883900
2459814.485422 14.793715 0.908519
2459814.492366 14.782151 0.892315
2459814.499310 14.773308 0.873643
2459814.506255 14.737132 0.832560
2459814.513199 14.770377 0.884564
2459814.520143 14.775260 0.873374
2459814.527088 14.757054 0.867926
2459814.534032 14.749495 0.855031
2459814.540976 14.772972 0.879010
2459814.547920 14.691379 0.791607
2459814.554865 14.679946 0.778355
2459814.561809 14.746331 0.843132
2459814.568753 14.708154 0.818633
2459814.575698 14.692839 0.791402
2459814.582642 14.727766 0.830198
2459814.589586 14.740202 0.833756
2459814.596531 14.712604 0.813819
2459814.603475 14.705670 0.809690
2459814.610419 14.736341 0.838745
2459814.617364 14.717223 0.810535
2459814.624308 14.725560 0.823102
2459814.631252 14.737720 0.845013
2459814.638197 14.731102 0.835099
2459814.645141 14.693277 0.791400
2459814.652085 14.718644 0.816728
2459814.659030 14.700740 0.788941
2459814.665974 14.709448 0.797964
2459814.672918 14.735447 0.845868
2459814.679863 14.759063 0.867929
2459814.686807 14.726294 0.819684
2459814.693751 14.695010 0.786257
2459814.700696 14.728450 0.823460
2459814.707640 14.711180 0.805864
2459814.714584 14.684918 0.779026
2459814.721529 14.694606 0.792647
2459814.728473 14.706473 0.796256
2459814.735417 14.706297 0.815083
2459814.742362 14.663798 0.758958
2459814.749306 14.707361 0.804337
2459814.756250 14.683018 0.770724
2459814.763195 14.683349 0.786981
2459814.770139 14.675025 0.765731
2459814.777083 14.667499 0.759311
2459814.784028 14.690457 0.786445
2459814.790972 14.672104 0.770132
2459814.797916 14.688858 0.784607
2459814.804861 14.697030 0.784598
2459814.811805 14.711701 0.811718
2459814.818749 14.712431 0.807705
2459814.825694 14.721224 0.827457
2459814.832638 14.709191 0.800597
2459814.839582 14.757490 0.863257
2459814.846527 14.710195 0.808059
2459814.853471 14.733980 0.832020
2459814.860415 14.761727 0.871221
2459814.867360 14.758984 0.868017
2459814.874304 14.724707 0.814498
2459814.881248 14.727735 0.827800
2459814.888193 14.678882 0.779834
2459814.895137 14.717256 0.809323
2459814.902081 14.716012 0.807341
2459814.909026 14.709406 0.802777
2459814.915970 14.687825 0.776961
2459814.922914 14.690638 0.780933
2459814.929858 14.711483 0.815912
2459814.936803 14.704582 0.805532
2459814.943747 14.711935 0.803477
2459814.950691 14.712486 0.813474
2459814.957636 14.730531 0.826970
2459814.964580 14.746664 0.849096
2459814.971524 14.735719 0.828488
2459814.978469 14.732939 0.835594
2459814.985413 14.743690 0.841943
2459814.992357 14.785369 0.896527
2459814.999302 14.770675 0.866549
2459815.006246 14.756314 0.850708
2459815.013190 14.768070 0.869541
2459815.020135 14.782593 0.882744
2459815.027079 14.752498 0.856320
2459815.034023 14.701532 0.794103
2459815.040968 14.719195 0.819184
2459815.047912 14.708087 0.800218
2459815.054856 14.705463 0.803770
2459815.061801 14.667819 0.763116
2459815.068745 14.683942 0.782097
2459815.075689 14.663804 0.758301
2459815.082634 14.669290 0.767738
2459815.089578 14.643774 0.734902
2459815.096522 14.657591 0.751061
2459815.103467 14.634826 0.731002
2459815.110411 14.604613 0.709037
2459815.117355 14.653206 0.753485
2459815.124300 14.675757 0.771372
2459815.131244 14.611279 0.707814
2459815.138188 14.608834 0.709069
2459815.145133 14.645436 0.745795
2459815.152077 14.655210 0.751746
2459815.159021 14.665445 0.756071
2459815.165966 14.656133 0.745784
2459815.172910 14.670003 0.765917
2459815.179854 14.642919 0.735477
2459815.186799 14.654502 0.755293
2459815.193743 14.630790 0.725692
2459815.200687 14.643729 0.733703
2459815.207632 14.673824 0.772538
2459815.214576 14.636776 0.731901
2459815.221520 14.620179 0.717997
2459815.228465 14.632478 0.727303
2459815.235409 14.628106 0.728123
2459815.242353 14.620419 0.715038
2459815.249298 14.615256 0.717336
2459815.256242 14.605230 0.697087
2459815.263186 14.571420 0.676020
2459815.270130 14.593146 0.693692
2459815.277075 14.612434 0.709049
2459815.284019 14.602184 0.698817
2459815.290963 14.581681 0.681635
2459815.297908 14.593416 0.687670
2459815.304852 14.591476 0.689673
2459815.311796 14.597927 0.701666
2459815.318741 14.593925 0.682947
2459815.325685 14.606477 0.707282
2459815.332629 14.605176 0.698975
2459815.339574 14.615310 0.716524
2459815.346518 14.574722 0.669434
2459815.353462 14.597171 0.694695
2459815.360407 14.628937 0.716597
2459815.367351 14.624964 0.714536
2459815.374295 14.629342 0.720678
2459815.381240 14.665623 0.762981
2459815.388184 14.614957 0.715275
2459815.395128 14.646234 0.734226
2459815.402073 14.646537 0.741329
2459815.409017 14.628910 0.716049
2459815.415961 14.612259 0.716220
2459815.422906 14.632422 0.721964
2459815.429850 14.610785 0.716858
2459815.436794 14.604034 0.704261
2459815.443739 14.590128 0.681158
2459815.450683 14.605535 0.701816
2459815.457627 14.574784 0.669090
2459815.464572 14.601837 0.705440
2459815.471516 14.611562 0.707407
2459815.478460 14.617970 0.719973
2459815.485405 14.627637 0.726551
2459815.492349 14.642402 0.745603
2459815.499293 14.642763 0.739145
2459815.506238 14.634568 0.723501
2459815.513182 14.638247 0.730933
2459815.520126 14.644503 0.743935
2459815.527071 14.662591 0.762152
2459815.534015 14.645855 0.739520
2459815.540959 14.652948 0.747930
2459815.547904 14.633084 0.727123
2459815.554848 14.653124 0.746527
2459815.561792 14.612284 0.718603
2459815.568737 14.645030 0.743927
2459815.575681 14.595815 0.694522
2459815.582625 14.593072 0.690832
2459815.589569 14.603814 0.698242
2459815.596514 14.575700 0.676740
2459815.603458 14.581259 0.679522
2459815.610402 14.572787 0.675274
2459815.617347 14.537082 0.643905
2459815.624291 14.559380 0.665284
2459815.631235 14.542034 0.650765
2459815.638180 14.531675 0.637486
2459815.645124 14.523795 0.637239
2459815.652068 14.522274 0.635543
2459815.659013 14.526781 0.633163
2459815.665957 14.532778 0.646071
2459815.672901 14.527705 0.640209
2459815.679846 14.542349 0.642386
2459815.686790 14.545729 0.645218
2459815.693734 14.565908 0.665797
2459815.700679 14.535776 0.636747
2459815.707623 14.569088 0.673933
2459815.714567 14.515524 0.632469
2459815.721512 14.565509 0.664160
2459815.728456 14.530728 0.637242
2459815.735400 14.570749 0.671744
2459815.742345 14.579995 0.675805
2459815.749289 14.585462 0.680840
2459815.756233 14.569188 0.669738
2459815.763178 14.591692 0.692137
2459815.770122 14.550301 0.655620
2459815.777066 14.549213 0.651337
2459815.784011 14.573052 0.681179
2459815.790955 14.538351 0.649521
2459815.797899 14.547257 0.659414
2459815.804844 14.498330 0.611370
2459815.811788 14.499432 0.619761
2459815.818732 14.504625 0.622511
2459815.825677 14.488199 0.604226
2459815.832621 14.500066 0.615392
2459815.839565 14.454709 0.580683
2459815.846510 14.487965 0.608332
2459815.853454 14.471828 0.599434
2459815.860398 14.478085 0.602039
2459815.867343 14.486193 0.607107
2459815.874287 14.465602 0.592478
2459815.881231 14.488021 0.605157
2459815.888175 14.491216 0.605931
2459815.895120 14.507482 0.619902
2459815.902064 14.505407 0.619289
2459815.909008 14.513933 0.628927
2459815.915953 14.513727 0.630077
2459815.922897 14.512851 0.623110
2459815.929841 14.521122 0.636419
2459815.936786 14.512726 0.632924
2459815.943730 14.489117 0.611538
2459815.950674 14.480058 0.602175
2459815.957619 14.471245 0.596382
2459815.964563 14.486655 0.609454
2459815.971507 14.495095 0.612959
2459815.978452 14.459227 0.587557
2459815.985396 14.473829 0.600400
2459815.992340 14.474975 0.604215
2459815.999285 14.466840 0.595499
2459816.006229 14.475348 0.593728
2459816.013173 14.488335 0.602089
2459816.020118 14.476682 0.597317
2459816.027062 14.495750 0.613818
2459816.034006 14.461623 0.590508
2459816.040951 14.486460 0.600299
2459816.047895 14.474096 0.596411
2459816.054839 14.443072 0.574336
2459816.061784 14.463444 0.587255
2459816.068728 14.447263 0.577007
2459816.075672 14.461779 0.584254
2459816.082617 14.452267 0.580755
2459816.089561 14.462112 0.594044
2459816.096505 14.462455 0.587413
2459816.103450 14.456112 0.581545
2459816.110394 14.488530 0.609568
2459816.117338 14.464694 0.587425
2459816.124283 14.484277 0.604720
2459816.131227 14.457173 0.585477
2459816.138171 14.495249 0.611095
2459816.145116 14.484310 0.601847
2459816.152060 14.457842 0.585946
2459816.159004 14.476101 0.593220
2459816.165948 14.448324 0.582653
2459816.172893 14.429909 0.563133
2459816.179837 14.416556 0.553141
2459816.186781 14.430024 0.567923
2459816.193726 14.428148 0.563822
2459816.200670 14.440380 0.573365
2459816.207614 14.449828 0.577306
2459816.214559 14.421159 0.557982
2459816.221503 14.453120 0.580416
2459816.228447 14.454860 0.585011
2459816.235392 14.464666 0.589370
2459816.242336 14.469416 0.592833
2459816.249280 14.443367 0.577491
2459816.256225 14.461769 0.582670
2459816.263169 14.486250 0.594524
2459816.270113 14.474590 0.594509
2459816.277058 14.486429 0.606399
2459816.284002 14.520242 0.627236
2459816.290946 14.492081 0.609755
2459816.297891 14.525169 0.637312
2459816.304835 14.498126 0.606560
2459816.311779 14.484181 0.607246
2459816.318724 14.488964 0.609647
2459816.325668 14.456658 0.584648
2459816.332612 14.466239 0.587303
2459816.339557 14.462123 0.584350
2459816.346501 14.448268 0.576997
2459816.353445 14.457041 0.581423
2459816.360390 14.439361 0.570815
2459816.367334 14.435199 0.566765
2459816.374278 14.439081 0.568360
2459816.381223 14.407685 0.550626
2459816.388167 14.423051 0.570179
2459816.395111 14.433809 0.568251
2459816.402056 14.418044 0.555167
2459816.409000 14.417941 0.552445
2459816.415944 14.426111 0.560157
2459816.422888 14.432902 0.567743
2459816.429833 14.438130 0.564118
2459816.436777 14.427265 0.566071
2459816.443721 14.443986 0.572351
2459816.450666 14.438011 0.568828
2459816.457610 14.424089 0.558843
2459816.464554 14.443180 0.579250
2459816.471499 14.450997 0.581614
2459816.478443 14.442148 0.572870
2459816.485387 14.435567 0.567978
2459816.492332 14.420666 0.559347
2459816.499276 14.423270 0.559510
2459816.506220 14.412680 0.556737
2459816.513165 14.402322 0.545527
2459816.520109 14.400308 0.552714
2459816.527053 14.385192 0.540007
2459816.533998 14.417577 0.553773
2459816.540942 14.400979 0.545294
2459816.547886 14.401001 0.539480
2459816.554831 14.383593 0.537291
2459816.561775 14.362898 0.518291
2459816.568719 14.387227 0.540005
2459816.575664 14.392677 0.541179
2459816.582608 14.386248 0.537567
2459816.589552 14.385444 0.531399
2459816.596497 14.401506 0.545516
2459816.603441 14.400065 0.543586
2459816.610385 14.392063 0.534619
2459816.617330 14.398671 0.545433
2459816.624274 14.397708 0.546820
2459816.631218 14.408683 0.546501
2459816.638163 14.402922 0.546624
2459816.645107 14.390375 0.538722
2459816.652051 14.385415 0.540394
2459816.658995 14.374043 0.529637
2459816.665940 14.372172 0.519687
2459816.672884 14.374375 0.531668
2459816.679828 14.372358 0.528779
2459816.686773 14.378542 0.534037
2459816.693717 14.387364 0.539438
2459816.700661 14.378469 0.532306
2459816.707606 14.382384 0.531867
2459816.714550 14.370764 0.534257
2459816.721494 14.373857 0.525676
2459816.728439 14.372367 0.530075
2459816.735383 14.382942 0.534756
2459816.742327 14.357429 0.521551
2459816.749272 14.386179 0.539791
2459816.756216 14.357635 0.518927
2459816.763160 14.365180 0.524807
2459816.770105 14.368642 0.529491
2459816.777049 14.386165 0.534293
2459816.783993 14.357230 0.518878
2459816.790938 14.365354 0.524365
2459816.797882 14.370681 0.525938
2459816.804826 14.389157 0.541374
2459816.811771 14.352666 0.516199
2459816.818715 14.371868 0.526617
2459816.825659 14.361156 0.518138
2459816.832604 14.353515 0.517536
2459816.839548 14.389519 0.538322
2459816.846492 14.371049 0.526673
2459816.853437 14.346410 0.513268
2459816.860381 14.341796 0.509519
2459816.867325 14.351640 0.516020
2459816.874270 14.346560 0.508157
2459816.881214 14.338949 0.507687
2459816.888158 14.359166 0.517216
2459816.895102 14.328431 0.498143
2459816.902047 14.345695 0.507050
2459816.908991 14.331526 0.501670
2459816.915935 14.333464 0.507190
2459816.922880 14.345637 0.515902
2459816.929824 14.354613 0.517881
2459816.936768 14.350562 0.509562
2459816.943713 14.355557 0.514776
2459816.950657 14.377405 0.537549
2459816.957601 14.395318 0.542925
2459816.964546 14.358902 0.518477
2459816.971490 14.380284 0.530279
2459816.978434 14.389580 0.539864
2459816.985379 14.384283 0.535067
2459816.992323 14.390975 0.538989
2459816.999267 14.401369 0.547143
2459817.006212 14.384326 0.536368
2459817.013156 14.363575 0.521614
2459817.020100 14.391192 0.541181
2459817.027045 14.371515 0.534529
2459817.033989 14.356665 0.521424
2459817.040933 14.348229 0.514616
2459817.047878 14.353238 0.515553
2459817.054822 14.321258 0.490695
2459817.061766 14.330691 0.501676
2459817.068711 14.342115 0.510308
2459817.075655 14.338454 0.507269
2459817.082599 14.343901 0.507238
2459817.089544 14.343643 0.509075
2459817.096488 14.345010 0.515591
2459817.103432 14.354468 0.516899
2459817.110377 14.362840 0.526451
2459817.117321 14.335756 0.505824
2459817.124265 14.354368 0.513935
2459817.131209 14.372806 0.533197
2459817.138154 14.342040 0.503814
2459817.145098 14.348233 0.520084
2459817.152042 14.368403 0.528815
2459817.158987 14.378215 0.531822
2459817.165931 14.351095 0.514929
2459817.172875 14.356602 0.523735
2459817.179820 14.367982 0.527789
2459817.186764 14.369596 0.528507
2459817.193708 14.357739 0.515985
2459817.200653 14.334706 0.509597
2459817.207597 14.310246 0.492314
2459817.214541 14.337358 0.499508
2459817.221486 14.312572 0.495881
2459817.228430 14.330612 0.503335
2459817.235374 14.311231 0.491370
2459817.242319 14.321397 0.500935
2459817.249263 14.285116 0.477503
2459817.256207 14.285678 0.476072
2459817.263152 14.283005 0.480503
2459817.270096 14.289741 0.478966
2459817.277040 14.287924 0.478807
2459817.283985 14.285260 0.479108
2459817.290929 14.270086 0.471993
2459817.297873 14.294331 0.483639
2459817.304818 14.280372 0.475815
2459817.311762 14.290617 0.483512
2459817.318706 14.276422 0.472605
2459817.325651 14.278934 0.472811
2459817.332595 14.306048 0.492814
2459817.339539 14.291518 0.475876
2459817.346483 14.296299 0.485165
2459817.353428 14.308613 0.492931
2459817.360372 14.305626 0.489390
2459817.367316 14.298455 0.487448
2459817.374261 14.292975 0.481016
2459817.381205 14.284818 0.479772
2459817.388149 14.265920 0.470020
2459817.395094 14.290851 0.482485
2459817.402038 14.275691 0.468731
2459817.408982 14.271381 0.468058
2459817.415927 14.259175 0.463966
2459817.422871 14.265507 0.465588
2459817.429815 14.276122 0.467831
2459817.436760 14.273883 0.470127
2459817.443704 14.280118 0.476031
2459817.450648 14.289732 0.482608
2459817.457593 14.278299 0.468855
2459817.464537 14.285597 0.474205
2459817.471481 14.267958 0.467244
2459817.478426 14.279547 0.473437
2459817.485370 14.299047 0.484155
2459817.492314 14.313617 0.494992
2459817.499259 14.289791 0.478679
2459817.506203 14.327261 0.500642
2459817.513147 14.328102 0.498437
2459817.520092 14.320663 0.500157
2459817.527036 14.327864 0.500502
2459817.533980 14.340097 0.510776
2459817.540924 14.285410 0.473866
2459817.575646 14.272164 0.470302
2459817.582590 14.256078 0.464177
2459817.589535 14.267891 0.471091
2459817.596479 14.275108 0.471805
2459817.603423 14.243043 0.457872
2459817.610368 14.266201 0.466436
2459817.617312 14.248566 0.457800
2459817.624256 14.257751 0.461405
2459817.631201 14.259059 0.464959
2459817.638145 14.282388 0.476963
2459817.645089 14.255022 0.456972
2459817.652034 14.272450 0.470156
2459817.658978 14.240620 0.454915
2459817.665922 14.279213 0.475143
2459817.672867 14.275299 0.471560
2459817.679811 14.271660 0.467538
2459817.686755 14.283731 0.474299
2459817.693700 14.284423 0.479402
2459817.700644 14.309440 0.489765
2459817.707588 14.310601 0.495812
2459817.714533 14.278295 0.476759
2459817.721477 14.292769 0.481494
2459817.728421 14.292842 0.482431
2459817.735366 14.304246 0.486733
2459817.742310 14.281033 0.473908
2459817.749254 14.268913 0.465740
2459817.756198 14.244782 0.455651
2459817.763143 14.240849 0.454018
2459817.770087 14.242894 0.454977
2459817.777031 14.212963 0.438406
2459817.783976 14.253726 0.457210
2459817.790920 14.252728 0.461671
2459817.797864 14.212967 0.439970
2459817.804809 14.217583 0.441006
2459817.811753 14.234682 0.449979
2459817.818697 14.210978 0.438487
2459817.825642 14.202915 0.434907
2459817.832586 14.233897 0.446818
2459817.839530 14.222999 0.445632
2459817.846475 14.229256 0.443449
2459817.853419 14.245284 0.457374
2459817.860363 14.245968 0.455478
2459817.867308 14.245175 0.455431
2459817.874252 14.250106 0.456861
2459817.881196 14.260460 0.462453
2459817.888141 14.258211 0.462380
2459817.895085 14.251759 0.459285
2459817.902029 14.256293 0.460779
2459817.908974 14.283502 0.479385
2459817.915918 14.257833 0.461339
2459817.922862 14.248266 0.460189
2459817.929807 14.235307 0.455908
2459817.936751 14.222085 0.441940
2459817.943695 14.235707 0.448597
2459817.950639 14.233969 0.452622
2459817.957584 14.194811 0.429624
2459817.964528 14.225148 0.446839
2459817.971472 14.212918 0.442293
2459817.978417 14.228624 0.448111
2459817.985361 14.217459 0.441672
2459817.992305 14.212035 0.437019
2459817.999250 14.225552 0.447535
2459818.006194 14.223709 0.447120
2459818.013138 14.209700 0.436171
2459818.020083 14.199763 0.432194
2459818.027027 14.206161 0.434870
2459818.033971 14.198383 0.432518
2459818.040916 14.214759 0.443514
2459818.047860 14.222260 0.450012
2459818.054804 14.223028 0.447124
2459818.061749 14.231151 0.451383
2459818.068693 14.238276 0.451854
2459818.075637 14.257065 0.463125
2459818.082582 14.240781 0.455539
2459818.089526 14.232074 0.449365
2459818.096470 14.246468 0.455743
2459818.103415 14.237587 0.454358
2459818.110359 14.251938 0.460362
2459818.117303 14.212269 0.441708
2459818.124248 14.230045 0.452222
2459818.131192 14.196242 0.431110
2459818.138136 14.214151 0.440073
2459818.145080 14.193834 0.430378
2459818.152025 14.190022 0.427818
2459818.158969 14.216916 0.442519
2459818.165913 14.201677 0.435603
2459818.172858 14.220851 0.446224
2459818.179802 14.186641 0.429750
2459818.186746 14.184639 0.426059
2459818.193691 14.180012 0.422116
2459818.200635 14.165860 0.417567
2459818.207579 14.171632 0.421137
2459818.214524 14.176551 0.421101
2459818.221468 14.176366 0.417937
2459818.228412 14.161888 0.415174
2459818.235357 14.170545 0.419207
2459818.242301 14.172088 0.422829
2459818.249245 14.178271 0.421853
2459818.256190 14.201086 0.433720
2459818.263134 14.198223 0.436281
2459818.270078 14.193173 0.430385
2459818.277023 14.213377 0.439475
2459818.283967 14.189017 0.426253
2459818.290911 14.197615 0.432640
2459818.297856 14.189823 0.432423
2459818.304800 14.189094 0.433442
2459818.311744 14.182924 0.426123
2459818.318688 14.198534 0.431825
2459818.325633 14.171342 0.419050
2459818.332577 14.181138 0.423615
2459818.339521 14.167641 0.420111
2459818.346466 14.165380 0.421578
2459818.353410 14.165187 0.415975
2459818.360354 14.169463 0.417778
2459818.367299 14.160364 0.418078
2459818.374243 14.163812 0.414561
2459818.381187 14.178904 0.422039
2459818.388132 14.161593 0.412463
2459818.395076 14.164746 0.420494
2459818.402020 14.160530 0.415304
2459818.408965 14.164554 0.419686
2459818.415909 14.162450 0.416190
2459818.422853 14.159352 0.417671
2459818.429798 14.158117 0.409645
2459818.436742 14.146657 0.404575
2459818.443686 14.160454 0.414899
2459818.450631 14.161242 0.415175
2459818.457575 14.140528 0.404306
2459818.464519 14.129680 0.401813
2459818.471464 14.167089 0.420109
2459818.478408 14.149091 0.408888
2459818.485352 14.128693 0.401292
2459818.492297 14.124269 0.397602
2459818.499241 14.142471 0.406066
2459818.506185 14.155528 0.413862
2459818.513129 14.129376 0.398502
2459818.520074 14.140224 0.402063
2459818.527018 14.141304 0.406413
2459818.533962 14.141910 0.406071
2459818.540907 14.127634 0.394562
2459818.547851 14.133497 0.399293
2459818.554795 14.134150 0.400793
2459818.561740 14.130497 0.400661
2459818.568684 14.132290 0.400528
2459818.575628 14.122521 0.397313
2459818.582573 14.141438 0.405466
2459818.589517 14.130911 0.402783
2459818.596461 14.120457 0.397942
2459818.603406 14.124739 0.397479
2459818.610350 14.112947 0.396324
2459818.617294 14.101155 0.384854
2459818.624239 14.133247 0.399042
2459818.631183 14.106196 0.393480
2459818.638127 14.108656 0.395302
2459818.645072 14.108005 0.389610
2459818.652016 14.130619 0.401918
2459818.658960 14.105394 0.391471
2459818.665905 14.095413 0.386317
2459818.672849 14.090832 0.387501
2459818.679793 14.090402 0.386110
2459818.686737 14.086886 0.383696
2459818.693682 14.085469 0.381337
2459818.700626 14.102141 0.391135
2459818.707570 14.106349 0.390270
2459818.714515 14.095219 0.387613
2459818.721459 14.109755 0.393222
2459818.728403 14.101619 0.389616
2459818.735348 14.101871 0.390642
2459818.742292 14.100979 0.387482
2459818.749236 14.110520 0.391226
2459818.756181 14.106297 0.388401
2459818.763125 14.131442 0.403427
2459818.770069 14.110533 0.390321
2459818.777014 14.118133 0.393534
2459818.783958 14.130965 0.399137
2459818.790902 14.108876 0.393808
2459818.797847 14.108663 0.389681
2459818.804791 14.118815 0.392564
2459818.811735 14.095067 0.381473
2459818.818680 14.109690 0.394009
2459818.825624 14.096810 0.388519
2459818.832568 14.092653 0.377546
2459818.839513 14.109455 0.393752
2459818.846457 14.096313 0.388389
2459818.853401 14.097317 0.384854
2459818.860345 14.103148 0.385530
2459818.867290 14.102287 0.391271
2459818.874234 14.098177 0.385282
2459818.881178 14.098524 0.388606
2459818.888123 14.112005 0.392819
2459818.895067 14.108500 0.393104
2459818.902011 14.096830 0.387837
2459818.908956 14.114448 0.392448
2459818.915900 14.122858 0.400738
2459818.922844 14.121519 0.396973
2459818.929789 14.101412 0.389744
2459818.936733 14.136908 0.404732
2459818.943677 14.111926 0.393828
2459818.950622 14.126851 0.399915
2459818.957566 14.096636 0.386037
2459818.964510 14.124187 0.398460
2459818.971455 14.132049 0.402298
2459818.978399 14.103427 0.389740
2459818.985343 14.102200 0.392226
2459818.992288 14.105126 0.390010
2459818.999232 14.092877 0.385409
2459819.006176 14.106060 0.388622
2459819.013120 14.097144 0.390075
2459819.020065 14.076783 0.374848
2459819.027009 14.074918 0.376795
2459819.033953 14.069245 0.374376
2459819.040898 14.076472 0.376744
2459819.047842 14.057993 0.366841
2459819.054786 14.079113 0.379072
2459819.061731 14.062991 0.370480
2459819.068675 14.053478 0.369004
2459819.075619 14.055161 0.367295
2459819.082564 14.073281 0.377785
2459819.089508 14.085468 0.384526
2459819.096452 14.085937 0.384855
2459819.103397 14.088239 0.384484
2459819.110341 14.100647 0.388977
2459819.117285 14.071811 0.375698
2459819.124230 14.088810 0.384218
2459819.131174 14.085353 0.381515
2459819.138118 14.082344 0.381381
2459819.145063 14.079679 0.381436
2459819.152007 14.086972 0.381924
2459819.158951 14.093634 0.385519
2459819.165896 14.076370 0.379799
2459819.172840 14.067603 0.374014
2459819.179784 14.064492 0.375452
2459819.186728 14.067190 0.374116
2459819.193673 14.062170 0.370908
2459819.200617 14.074978 0.381543
2459819.207561 14.066275 0.373058
2459819.214506 14.071209 0.375262
2459819.221450 14.062983 0.370891
2459819.228394 14.070849 0.375838
2459819.235339 14.050914 0.367267
2459819.242283 14.057730 0.370912
2459819.249227 14.059957 0.369423
2459819.256172 14.081106 0.380270
2459819.263116 14.058190 0.372498
2459819.270060 14.068068 0.374793
2459819.277005 14.082577 0.379735
2459819.283949 14.058904 0.372303
2459819.290893 14.072164 0.374751
2459819.297838 14.082061 0.383651
2459819.304782 14.110220 0.392067
2459819.311726 14.109474 0.392234
2459819.318671 14.104406 0.388636
2459819.325615 14.113915 0.394007
2459819.332559 14.085922 0.385192
2459819.339504 14.087034 0.385171
2459819.346448 14.098900 0.386584
2459819.353392 14.076625 0.377559
2459819.360336 14.070657 0.372584
2459819.367281 14.074248 0.375887
2459819.374225 14.071561 0.376153
2459819.381169 14.040097 0.364967
2459819.388114 14.056013 0.370249
2459819.395058 14.049277 0.366346
2459819.402002 14.039840 0.362655
2459819.408947 14.039156 0.364034
2459819.415891 14.043030 0.367389
2459819.422835 14.035080 0.361375
2459819.429780 14.027795 0.360689
2459819.436724 14.053414 0.369351
2459819.443668 14.049815 0.366006
2459819.450613 14.047940 0.367493
2459819.457557 14.050282 0.366746
2459819.464501 14.052825 0.366424
2459819.471446 14.070726 0.377716
2459819.478390 14.063228 0.373171
2459819.485334 14.083611 0.377856
2459819.492279 14.073881 0.374890
2459819.499223 14.082317 0.381183
2459819.506167 14.087652 0.384982
2459819.513111 14.089175 0.387428
2459819.520056 14.093841 0.386539
2459819.527000 14.077826 0.375374
2459819.533944 14.104671 0.391446
2459819.540889 14.054998 0.366483
2459819.547833 14.077496 0.376087
2459819.554777 14.042365 0.365060
2459819.561722 14.037219 0.362936
2459819.568666 14.040578 0.362912
2459819.575610 14.032952 0.361539
2459819.582555 14.032970 0.360161
2459819.589499 14.016070 0.352410
2459819.596443 14.034015 0.362561
2459819.603388 14.023538 0.355739
2459819.610332 14.033797 0.361319
2459819.617276 14.044180 0.363679
2459819.624221 14.021185 0.356097
2459819.631165 14.022871 0.357005
2459819.638109 14.040641 0.361571
2459819.645054 14.041975 0.362581
2459819.651998 14.060847 0.370488
2459819.658942 14.040181 0.361985
2459819.665886 14.049869 0.367747
2459819.672831 14.053982 0.369299
2459819.679775 14.057488 0.370619
2459819.686719 14.053912 0.367566
2459819.693664 14.065580 0.373863
2459819.700608 14.061995 0.374232
2459819.707552 14.049175 0.366759
2459819.714497 14.052634 0.367103
2459819.721441 14.065764 0.373383
2459819.728385 14.051247 0.366783
2459819.735330 14.034729 0.363313
2459819.742274 14.045762 0.367570
2459819.749218 14.037852 0.361199
2459819.756163 14.041078 0.361782
2459819.763107 13.995519 0.343513
2459819.770051 14.006109 0.346089
2459819.776996 14.015819 0.356678
2459819.783940 14.010088 0.349140
2459819.790884 14.021455 0.356630
2459819.797829 14.020125 0.360157
2459819.804773 14.012149 0.352516
2459819.811717 14.045866 0.366118
2459819.818661 14.022118 0.358094
2459819.825606 14.014861 0.354822
2459819.832550 14.035299 0.360242
2459819.839494 14.021282 0.356012
2459819.846439 14.050867 0.369197
2459819.853383 14.051767 0.369460
2459819.860327 14.046881 0.365584
2459819.867272 14.056907 0.371707
2459819.874216 14.063168 0.374211
2459819.881160 14.054650 0.365779
2459819.888105 14.058924 0.371438
2459819.895049 14.040742 0.362554
2459819.901993 14.060601 0.370786
2459819.908938 14.047199 0.366803
2459819.915882 14.030243 0.358107
2459819.922826 14.036839 0.363408
2459819.929771 14.033249 0.362195
2459819.936715 14.028540 0.359079
2459819.943659 14.044924 0.366742
2459819.950604 14.024105 0.352724
2459819.957548 14.000647 0.348407
2459819.964492 14.012787 0.353366
2459819.971436 14.010938 0.353274
2459819.978381 14.026513 0.357827
2459819.985325 14.018511 0.357101
2459819.992269 14.020039 0.355001
2459819.999214 14.012065 0.354036
2459820.006158 13.993356 0.346520
2459820.013102 14.020181 0.357471
2459820.020047 14.004858 0.352203
2459820.026991 14.010166 0.351885
2459820.033935 14.003792 0.351994
2459820.040880 14.018915 0.355919
2459820.047824 14.043016 0.365334
2459820.054768 14.032211 0.359121
2459820.061713 14.032240 0.358110
2459820.068657 14.012445 0.353178
2459820.075601 14.011271 0.350581
2459820.082546 14.000885 0.351856
2459820.089490 13.987431 0.342470
2459820.096434 13.988010 0.343063
2459820.103379 13.985864 0.344513
2459820.110323 14.004168 0.349644
2459820.117267 13.969508 0.338184
2459820.124211 13.989039 0.342170
2459820.131156 13.991265 0.345258
2459820.138100 13.975616 0.340044
2459820.145044 13.974651 0.337493
2459820.151989 13.978295 0.339064
2459820.158933 13.982056 0.338319
2459820.165877 13.977276 0.343169
2459820.172822 13.999656 0.348351
2459820.179766 13.982902 0.341031
2459820.186710 14.001864 0.348675
2459820.193655 13.992101 0.343483
2459820.200599 13.972924 0.340892
2459820.207543 13.985571 0.344769
2459820.214488 13.988045 0.341696
2459820.221432 14.007588 0.352474
2459820.228376 13.990998 0.344010
2459820.235321 13.994574 0.344631
2459820.242265 13.996998 0.346202
2459820.249209 14.008014 0.354071
2459820.256154 13.989603 0.341640
2459820.263098 13.953448 0.332013
2459820.270042 13.989084 0.347389
2459820.276986 13.964129 0.337142
2459820.283931 13.971957 0.336040
2459820.290875 13.978307 0.343552
2459820.297819 13.962093 0.333655
2459820.304764 13.970223 0.337733
2459820.311708 13.960937 0.338808
2459820.318652 13.957647 0.334767
2459820.325597 13.949032 0.330727
2459820.332541 13.959553 0.334226
2459820.339485 13.962623 0.333951
2459820.346430 13.959229 0.333918
2459820.353374 13.961561 0.335701
2459820.360318 13.968821 0.338384
2459820.367263 13.959642 0.336133
2459820.374207 13.972568 0.338321
2459820.381151 13.981164 0.339505
2459820.388096 13.962308 0.338000
2459820.395040 13.973055 0.339429
2459820.401984 13.969084 0.333766
2459820.408929 13.954582 0.333684
2459820.415873 13.967218 0.334911
2459820.422817 13.993377 0.344586
2459820.429761 13.985409 0.344794
2459820.436706 13.986799 0.343844
2459820.443650 13.983322 0.344551
2459820.450594 13.958113 0.331864
2459820.457539 13.949744 0.330425
2459820.464483 13.958186 0.331033
2459820.471427 13.941199 0.328638
2459820.478372 13.941383 0.328458
2459820.485316 13.939531 0.328936
2459820.492260 13.943212 0.327948
2459820.499205 13.951002 0.332760
2459820.506149 13.942806 0.332950
2459820.513093 13.959377 0.333004
2459820.520038 13.940557 0.328299
2459820.526982 13.949976 0.331451
2459820.533926 13.938116 0.328364
2459820.540871 13.949832 0.328543
2459820.547815 13.953997 0.331838
2459820.554759 13.939084 0.327831
2459820.561704 13.949963 0.333096
2459820.568648 13.947435 0.331184
2459820.575592 13.945616 0.331448
2459820.582536 13.952941 0.331668
2459820.589481 13.955564 0.334153
2459820.596425 13.958597 0.335321
2459820.603369 13.954900 0.333845
2459820.610314 13.954287 0.335184
2459820.617258 13.941336 0.329620
2459820.624202 13.954619 0.332271
2459820.631147 13.931177 0.323201
2459820.638091 13.928347 0.327046
2459820.645035 13.922328 0.321951
2459820.651980 13.929981 0.325790
2459820.658924 13.928020 0.324346
2459820.665868 13.916131 0.320984
2459820.672813 13.924155 0.324527
2459820.679757 13.923244 0.323745
2459820.686701 13.925511 0.322355
2459820.693646 13.937507 0.326509
2459820.700590 13.926245 0.324452
2459820.707534 13.944840 0.331830
2459820.714478 13.918850 0.318126
2459820.721423 13.926602 0.323238
2459820.728367 13.919114 0.322003
2459820.735311 13.931227 0.325758
2459820.742256 13.926206 0.323987
2459820.749200 13.915695 0.322236
2459820.756144 13.936400 0.330010
2459820.763089 13.918851 0.324042
2459820.770033 13.927694 0.325608
2459820.776977 13.927001 0.323013
2459820.783922 13.915007 0.322652
2459820.790866 13.932146 0.328080
2459820.797810 13.931359 0.328632
2459820.804755 13.919032 0.320045
2459820.811699 13.925222 0.325327
2459820.818643 13.908555 0.316099
2459820.825588 13.901880 0.316902
2459820.832532 13.906439 0.319878
2459820.839476 13.902201 0.315878
2459820.846421 13.894264 0.315568
2459820.853365 13.887229 0.311740
2459820.860309 13.892283 0.314466
2459820.867253 13.876281 0.308096
2459820.874198 13.887613 0.314704
2459820.881142 13.897035 0.315281
2459820.888086 13.888161 0.314853
2459820.895031 13.901835 0.317870
2459820.901975 13.915790 0.321777
2459820.908919 13.909159 0.319629
2459820.915864 13.922034 0.325525
2459820.922808 13.905625 0.313506
2459820.929752 13.908611 0.321137
2459820.936697 13.910509 0.320431
2459820.943641 13.905718 0.317171
2459820.950585 13.916296 0.319398
2459820.957530 13.907848 0.318419
2459820.964474 13.911716 0.318674
2459820.971418 13.922482 0.325108
2459820.978363 13.899199 0.316816
2459820.985307 13.910856 0.319037
2459820.992251 13.903320 0.317021
2459820.999196 13.889972 0.308671
2459821.006140 13.895979 0.315670
2459821.013084 13.871140 0.307924
2459821.020028 13.888242 0.311391
2459821.026973 13.885522 0.312935
2459821.033917 13.890435 0.313958
2459821.040861 13.903817 0.317194
2459821.047806 13.891356 0.315359
2459821.054750 13.888235 0.313842
2459821.061694 13.881362 0.309486
2459821.068639 13.878410 0.310784
2459821.075583 13.890542 0.312650
2459821.082527 13.877194 0.309311
2459821.089472 13.872027 0.309421
2459821.096416 13.880087 0.308230
2459821.103360 13.884868 0.309984
2459821.110305 13.890757 0.312591
2459821.117249 13.898352 0.315694
2459821.124193 13.879341 0.312084
2459821.131138 13.890694 0.312738
2459821.138082 13.893646 0.317244
2459821.145026 13.873987 0.307103
2459821.151970 13.896466 0.318694
2459821.158915 13.907407 0.318274
2459821.165859 13.890343 0.310620
2459821.172803 13.891557 0.318170
2459821.179748 13.869711 0.308478
2459821.186692 13.895481 0.314844
2459821.193636 13.882062 0.312391
2459821.200581 13.866886 0.305781
2459821.207525 13.857765 0.304562
2459821.214469 13.863178 0.308022
2459821.221414 13.863024 0.305759
2459821.228358 13.844809 0.303033
2459821.235302 13.872579 0.303786
2459821.242247 13.866890 0.308969
2459821.249191 13.871165 0.309070
2459821.256135 13.875709 0.311720
2459821.263080 13.865102 0.303149
2459821.270024 13.866403 0.307755
2459821.276968 13.869605 0.305537
2459821.283913 13.864035 0.302828
2459821.290857 13.861210 0.304934
2459821.297801 13.857386 0.303100
2459821.304745 13.887080 0.311491
2459821.311690 13.874162 0.308427
2459821.318634 13.863933 0.303356
2459821.325578 13.882021 0.313317
2459821.332523 13.876192 0.308032
2459821.339467 13.874253 0.307122
2459821.346411 13.864245 0.303944
2459821.353356 13.860246 0.304007
2459821.360300 13.848663 0.298396
2459821.367244 13.852388 0.300588
2459821.374189 13.842624 0.296174
2459821.381133 13.833905 0.294249
2459821.388077 13.841767 0.295975
2459821.395022 13.842911 0.295099
2459821.401966 13.838440 0.296295
2459821.408910 13.838459 0.296275
2459821.415855 13.833131 0.292310
2459821.422799 13.846691 0.300564
2459821.429743 13.830823 0.290173
2459821.436687 13.822941 0.292910
2459821.443632 13.820078 0.290427
2459821.450576 13.833484 0.291386
2459821.457520 13.832351 0.295645
2459821.464465 13.828141 0.294426
2459821.471409 13.851348 0.304672
2459821.478353 13.852474 0.300970
2459821.485298 13.851606 0.299795
2459821.492242 13.860296 0.302290
2459821.499186 13.861997 0.303012
2459821.506131 13.851092 0.300316
2459821.513075 13.850039 0.301035
2459821.520019 13.856659 0.304355
2459821.526964 13.853786 0.303982
2459821.533908 13.842439 0.298604
2459821.540852 13.859997 0.305878
2459821.547797 13.836802 0.296204
2459821.554741 13.842489 0.296478
2459821.561685 13.832603 0.296055
2459821.568629 13.830227 0.297485
2459821.575574 13.819715 0.294657
2459821.582518 13.817237 0.290740
2459821.589462 13.802350 0.288832
2459821.596407 13.828552 0.295847
2459821.603351 13.816593 0.294167
2459821.610295 13.823820 0.294527
2459821.617240 13.803992 0.291306
2459821.624184 13.813500 0.294284
2459821.631128 13.808177 0.291816
2459821.638073 13.824814 0.295929
2459821.645017 13.822884 0.294420
2459821.651961 13.834531 0.300515
2459821.658906 13.834598 0.300047
2459821.665850 13.843322 0.301848
2459821.672794 13.837033 0.300238
2459821.679739 13.853619 0.305671
2459821.686683 13.834216 0.301116
2459821.693627 13.824130 0.295577
2459821.700572 13.840682 0.300169
2459821.707516 13.843632 0.303400
2459821.714460 13.811960 0.293373
2459821.721404 13.810815 0.292815
2459821.728349 13.803805 0.289155
2459821.735293 13.800161 0.286931
2459821.742237 13.779919 0.283044
2459821.749182 13.812947 0.292496
2459821.756126 13.798716 0.286825
2459821.763070 13.803188 0.289932
2459821.770015 13.790364 0.285787
2459821.776959 13.808950 0.291869
2459821.783903 13.799404 0.287697
2459821.790848 13.803044 0.291046
2459821.797792 13.786368 0.285770
2459821.804736 13.798844 0.289281
2459821.811681 13.804467 0.289365
2459821.818625 13.804273 0.290733
2459821.825569 13.803065 0.290956
2459821.832514 13.811496 0.295096
2459821.839458 13.796773 0.289649
2459821.846402 13.817507 0.292147
2459821.853346 13.811559 0.292954
2459821.860291 13.812424 0.295227
2459821.867235 13.830550 0.298114
2459821.874179 13.828150 0.297573
2459821.881124 13.821208 0.297180
2459821.888068 13.830210 0.299773
2459821.895012 13.821351 0.294353
2459821.901957 13.809069 0.290996
2459821.908901 13.807330 0.291630
2459821.915845 13.801261 0.287716
2459821.922790 13.793604 0.285972
2459821.929734 13.805094 0.289269
2459821.936678 13.801075 0.289373
2459821.943623 13.812612 0.291486
2459821.950567 13.800732 0.289241
2459821.957511 13.802947 0.288836
2459821.964456 13.782019 0.281730
2459821.971400 13.792469 0.286679
2459821.978344 13.794676 0.286164
2459821.985288 13.794458 0.286417
2459821.992233 13.792471 0.285053
2459821.999177 13.797713 0.287673
2459822.006121 13.814688 0.291948
2459822.013066 13.801451 0.288792
2459822.020010 13.788084 0.287032
2459822.026954 13.813608 0.292637
2459822.033899 13.802937 0.288557
2459822.040843 13.809946 0.290286
2459822.047787 13.808876 0.289631
2459822.054732 13.812238 0.290698
2459822.061676 13.808537 0.293940
2459822.068620 13.804550 0.288882
2459822.075565 13.807875 0.288667
2459822.082509 13.800899 0.289055
2459822.089453 13.802751 0.291221
2459822.096398 13.802193 0.290839
2459822.103342 13.793700 0.286760
2459822.110286 13.796655 0.289258
2459822.117231 13.782581 0.282538
2459822.124175 13.791840 0.285805
2459822.131119 13.785021 0.284479
2459822.138063 13.781561 0.283700
2459822.145008 13.789002 0.287423
2459822.151952 13.790794 0.285890
2459822.158896 13.790543 0.288122
2459822.165841 13.796719 0.286926
2459822.172785 13.793739 0.286876
2459822.179729 13.812108 0.295428
2459822.186674 13.809303 0.291193
2459822.193618 13.815131 0.294423
2459822.200562 13.809206 0.291546
2459822.207507 13.794413 0.286625
2459822.214451 13.793531 0.290129
2459822.221395 13.814685 0.293781
2459822.228340 13.802636 0.289005
2459822.235284 13.802367 0.289212
2459822.242228 13.809172 0.292783
2459822.249173 13.793023 0.287663
2459822.256117 13.796274 0.286485
2459822.263061 13.785751 0.282704
2459822.270005 13.785600 0.284548
2459822.276950 13.782162 0.283674
2459822.283894 13.787327 0.283447
2459822.290838 13.777255 0.276949
2459822.297783 13.775179 0.280689
2459822.304727 13.773509 0.278578
2459822.311671 13.768252 0.278103
2459822.318616 13.766035 0.278617
2459822.325560 13.785039 0.282004
2459822.332504 13.754951 0.273116
2459822.339449 13.771809 0.276107
2459822.346393 13.778726 0.280986
2459822.353337 13.782406 0.282527
2459822.360282 13.786961 0.280761
2459822.367226 13.780942 0.282298
2459822.374170 13.789326 0.284294
2459822.381115 13.785929 0.280792
2459822.388059 13.781808 0.280637
2459822.395003 13.779365 0.278822
2459822.401947 13.763373 0.271962
2459822.408892 13.773470 0.278332
2459822.415836 13.772713 0.275937
2459822.422780 13.766156 0.276608
2459822.429725 13.759967 0.275494
2459822.436669 13.757048 0.273957
2459822.443613 13.768611 0.274605
2459822.450558 13.760248 0.271813
2459822.457502 13.755223 0.271855
2459822.464446 13.759010 0.274064
2459822.471391 13.749898 0.268924
2459822.478335 13.750234 0.271563
2459822.485279 13.736622 0.267104
2459822.492224 13.748214 0.269247
2459822.499168 13.737202 0.265891
2459822.506112 13.742622 0.267400
2459822.513057 13.733808 0.266475
2459822.520001 13.747235 0.271398
2459822.526945 13.747394 0.271433
2459822.533889 13.747449 0.271274
2459822.540834 13.742445 0.268112
2459822.547778 13.734257 0.269289
2459822.554722 13.742295 0.269236
2459822.561667 13.747901 0.272034
2459822.568611 13.730168 0.268631
2459822.575555 13.728357 0.265239
2459822.582500 13.739683 0.272277
2459822.589444 13.710686 0.263979
2459822.596388 13.720592 0.263673
2459822.603333 13.719451 0.265621
2459822.610277 13.725169 0.266338
2459822.617221 13.710052 0.263058
2459822.624166 13.696277 0.259232
2459822.631110 13.710245 0.262212
2459822.638054 13.702993 0.260141
2459822.644999 13.701414 0.261725
2459822.651943 13.692225 0.258668
2459822.658887 13.710209 0.264239
2459822.665831 13.681507 0.252770
2459822.672776 13.697389 0.257578
2459822.679720 13.694949 0.260321
2459822.686664 13.701301 0.260607
2459822.693609 13.688342 0.258729
2459822.700553 13.690252 0.258929
2459822.707497 13.686166 0.258550
2459822.714442 13.685432 0.257384
2459822.721386 13.684196 0.256850
2459822.728330 13.690385 0.259806
2459822.735275 13.683114 0.256448
2459822.742219 13.679291 0.257321
2459822.749163 13.673768 0.253376
2459822.756108 13.670013 0.252260
2459822.763052 13.683312 0.255136
2459822.769996 13.662310 0.250476
2459822.776941 13.672875 0.252552
2459822.783885 13.663240 0.252087
2459822.790829 13.658127 0.250841
2459822.797773 13.649938 0.247870
2459822.804718 13.649252 0.250803
2459822.811662 13.660788 0.249875
2459822.818606 13.643147 0.244355
2459822.825551 13.664283 0.248132
2459822.832495 13.649751 0.245538
2459822.839439 13.645196 0.246046
2459822.846384 13.652470 0.246553
2459822.853328 13.656285 0.249518
2459822.860272 13.655539 0.247065
2459822.867217 13.655774 0.247933
2459822.874161 13.674437 0.254528
2459822.881105 13.663871 0.250803
2459822.888050 13.665226 0.250318
2459822.894994 13.666445 0.252576
2459822.901938 13.681616 0.254813
2459822.908883 13.676869 0.251505
2459822.915827 13.677587 0.250785
2459822.922771 13.691320 0.255947
2459822.929715 13.674544 0.250439
2459822.936660 13.670979 0.249102
2459822.943604 13.671038 0.251305
2459822.950548 13.681799 0.253209
2459822.957493 13.678451 0.252502
2459822.964437 13.671848 0.252126
2459822.971381 13.658145 0.245562
2459822.978326 13.662814 0.247222
2459822.985270 13.662846 0.247715
2459822.992214 13.650740 0.244194
2459822.999159 13.645595 0.242747
2459823.006103 13.654186 0.245767
2459823.013047 13.659622 0.248384
2459823.019992 13.651264 0.245290
2459823.026936 13.657757 0.247276
2459823.033880 13.653747 0.242973
2459823.040825 13.664962 0.249430
2459823.047769 13.660814 0.244139
2459823.054713 13.678254 0.249676
2459823.061657 13.671762 0.250813
2459823.068602 13.670681 0.246371
2459823.075546 13.681247 0.251256
2459823.082490 13.674661 0.251040
2459823.089435 13.687578 0.250756
2459823.096379 13.701734 0.256331
2459823.103323 13.682397 0.252581
2459823.110268 13.688505 0.250895
2459823.117212 13.701760 0.255490
2459823.124156 13.693220 0.252571
2459823.131101 13.695770 0.253603
2459823.138045 13.687748 0.251015
2459823.144989 13.690958 0.253319
2459823.151934 13.681426 0.250850
2459823.158878 13.694764 0.251953
2459823.165822 13.681107 0.249874
2459823.172766 13.677590 0.247538
2459823.179711 13.682587 0.248224
2459823.186655 13.678598 0.250417
2459823.193599 13.668021 0.246418
2459823.200544 13.667713 0.243563
2459823.207488 13.670878 0.245250
2459823.214432 13.676710 0.246467
2459823.221377 13.674879 0.247607
2459823.228321 13.680941 0.248682
2459823.235265 13.675912 0.249360
2459823.242210 13.687965 0.251302
2459823.249154 13.674530 0.246346
2459823.256098 13.686437 0.249390
2459823.263043 13.684900 0.251094
2459823.269987 13.679179 0.248127
2459823.276931 13.691404 0.251752
2459823.283876 13.676314 0.246590
2459823.290820 13.691632 0.252100
2459823.297764 13.681236 0.249607
2459823.304708 13.696612 0.254746
2459823.311653 13.685277 0.249165
2459823.318597 13.669647 0.245400
2459823.325541 13.680361 0.247095
2459823.332486 13.680174 0.249538
2459823.339430 13.662141 0.243053
2459823.346374 13.666511 0.244343
2459823.353319 13.662652 0.243891
2459823.360263 13.658113 0.241397
2459823.367207 13.650750 0.238382
2459823.374152 13.657710 0.241807
2459823.381096 13.675444 0.246486
2459823.388040 13.663181 0.240614
2459823.394985 13.659295 0.241244
2459823.401929 13.658672 0.240158
2459823.408873 13.671880 0.244097
2459823.415817 13.664162 0.240720
2459823.422762 13.666177 0.243266
2459823.429706 13.673179 0.243029
2459823.436650 13.674303 0.246812
2459823.443595 13.671677 0.244117
2459823.450539 13.674083 0.245728
2459823.457483 13.681712 0.246489
2459823.464428 13.682706 0.245863
2459823.471372 13.685641 0.247886
2459823.478316 13.704246 0.252271
2459823.485261 13.694915 0.250294
2459823.492205 13.697369 0.249990
2459823.499149 13.698379 0.250147
2459823.506094 13.701775 0.249914
2459823.513038 13.673807 0.243151
2459823.519982 13.685145 0.247053
2459823.526926 13.684870 0.246655
2459823.533871 13.681226 0.247245
2459823.540815 13.675795 0.243929
2459823.547759 13.667269 0.243221
2459823.554704 13.671828 0.245368
2459823.561648 13.644312 0.235882
2459823.568592 13.655878 0.239543
2459823.575537 13.666037 0.243562
2459823.582481 13.660902 0.241414
2459823.589425 13.646751 0.237745
2459823.596370 13.655578 0.240139
2459823.603314 13.656918 0.242330
2459823.610258 13.642167 0.236766
2459823.617202 13.671149 0.244165
2459823.624147 13.655185 0.240161
2459823.631091 13.660416 0.240782
2459823.638035 13.678964 0.245070
2459823.644980 13.687114 0.246502
2459823.651924 13.681144 0.247275
2459823.658868 13.668272 0.242943
2459823.665813 13.677391 0.242736
2459823.672757 13.683479 0.246799
2459823.679701 13.661865 0.239968
2459823.686646 13.662097 0.240996
2459823.693590 13.662210 0.242327
2459823.700534 13.658432 0.241719
2459823.707479 13.647068 0.237137
2459823.714423 13.639040 0.235259
2459823.721367 13.641983 0.236953
2459823.728311 13.628477 0.234240
2459823.735256 13.624900 0.234778
2459823.742200 13.624152 0.232451
2459823.749144 13.618256 0.230144
2459823.756089 13.621845 0.231027
2459823.763033 13.612813 0.230114
2459823.769977 13.644733 0.238862
2459823.776922 13.604760 0.228828
2459823.783866 13.614189 0.230003
2459823.790810 13.615965 0.232399
2459823.797755 13.617140 0.232518
2459823.804699 13.618345 0.231594
2459823.811643 13.616408 0.229852
2459823.818587 13.624393 0.231993
2459823.825532 13.612466 0.229240
2459823.832476 13.634692 0.235605
2459823.839420 13.616985 0.229931
2459823.846365 13.620194 0.229784
2459823.853309 13.622659 0.231307
2459823.860253 13.623350 0.233586
2459823.867198 13.611471 0.229039
2459823.874142 13.617064 0.231077
2459823.881086 13.614112 0.230237
2459823.888031 13.608685 0.227197
2459823.894975 13.607225 0.229697
2459823.901919 13.594438 0.224122
2459823.908863 13.586472 0.224848
2459823.915808 13.589336 0.224963
2459823.922752 13.567857 0.220118
2459823.929696 13.578973 0.223546
2459823.936641 13.590119 0.223508
2459823.943585 13.587796 0.222476
2459823.950529 13.587917 0.223394
2459823.957474 13.591399 0.224322
2459823.964418 13.580544 0.222274
2459823.971362 13.608371 0.228733
2459823.978306 13.599654 0.227874
2459823.985251 13.601096 0.227560
2459823.992195 13.601573 0.225711
2459823.999139 13.605022 0.227891
2459824.006084 13.603946 0.230772
2459824.013028 13.603821 0.226995
2459824.019972 13.615022 0.232418
2459824.026917 13.605258 0.228601
2459824.033861 13.611851 0.228638
2459824.040805 13.607948 0.229481
2459824.047750 13.613059 0.230046
2459824.054694 13.593992 0.224815
2459824.061638 13.586683 0.222646
2459824.068582 13.588828 0.224343
2459824.075527 13.578311 0.222314
2459824.082471 13.578287 0.221264
2459824.089415 13.569457 0.218256
2459824.096360 13.565229 0.220681
2459824.103304 13.564840 0.218249
2459824.110248 13.570308 0.221064
2459824.117193 13.570782 0.220295
2459824.124137 13.562925 0.218509
2459824.131081 13.573850 0.221269
2459824.138025 13.567447 0.218620
2459824.144970 13.563195 0.220714
2459824.151914 13.573513 0.223243
2459824.158858 13.564500 0.217976
2459824.165803 13.567825 0.218741
2459824.172747 13.580252 0.223125
2459824.179691 13.576052 0.221062
2459824.186636 13.572276 0.222053
2459824.193580 13.574542 0.221085
2459824.200524 13.578959 0.224583
2459824.207468 13.575396 0.222644
2459824.214413 13.568503 0.219045
2459824.221357 13.580552 0.221431
2459824.228301 13.578668 0.220959
2459824.235246 13.568708 0.219138
2459824.242190 13.582175 0.222677
2459824.249134 13.572418 0.221207
2459824.256079 13.550639 0.216439
2459824.263023 13.559951 0.218648
