2458711.389221 22.732927 nan
2458711.410034 nan -1.838328
2458711.430847 nan -1.062241
2458711.451721 24.069803 nan
2458711.472534 23.683014 nan
2458711.493347 nan -5.895241
2458711.514221 nan -1.038534
2458711.535034 nan -1.224640
2458711.555847 nan -1.376134
2458711.576721 24.307926 nan
2458711.597534 nan -0.567250
2458711.618347 nan -1.622905
2458711.639221 24.651030 nan
2458711.660034 nan -1.526285
2458711.680847 nan -0.949784
2458711.701721 23.171089 nan
2458711.722534 nan -1.176054
2458711.743347 nan -1.453909
2458711.764221 23.432266 nan
2458711.785034 nan -0.853064
2458711.805847 nan -2.083403
2458711.826721 29.835003 nan
2458711.847534 nan -0.745233
2458711.868347 nan -1.621765
2458711.889221 nan -1.533590
2458711.910034 nan -1.821214
2458711.930847 nan -1.242116
2458711.951721 nan -2.393136
2458711.972534 23.528379 nan
2458711.993347 26.467113 nan
2458712.014221 nan -0.829294
2458712.035034 23.296558 nan
2458712.055847 nan -2.083344
2458712.076721 nan -1.424197
2458712.097534 26.003757 nan
2458712.118347 nan -1.236440
2458712.139221 nan -1.430452
2458712.160034 nan -1.569520
2458712.180847 nan -1.537008
2458712.201721 nan -0.864197
2458712.222534 nan -0.904318
2458712.243347 24.641354 nan
2458712.264221 nan -1.202064
2458712.285034 nan -2.229303
2458712.305847 nan -1.038170
2458712.326721 24.171028 nan
2458712.347534 nan -2.462191
2458712.368347 nan -0.845763
2458712.389221 nan -0.772777
2458712.410034 nan -1.239412
2458712.430847 nan -2.098208
2458712.451721 nan -2.632221
2458712.472534 nan -0.953744
2458712.493347 nan -0.943851
2458712.514221 nan -0.794345
2458712.535034 nan -1.167264
2458712.555847 nan -0.739089
2458712.576721 nan -0.923131
2458712.597534 nan -0.935695
2458712.618347 nan -1.505904
2458712.639221 nan -0.740240
2458712.660034 nan -0.885572
2458712.680847 nan -0.700825
2458712.701721 nan -1.091580
2458712.722534 nan -0.732380
2458712.743347 nan -1.032491
2458712.764221 nan -2.450707
2458712.785034 nan -0.881897
2458712.805847 nan -1.381317
2458712.826721 nan -0.991907
2458712.847534 nan -1.774176
2458712.868347 nan -0.731810
2458712.889221 nan -0.927296
2458712.910034 nan -0.493671
2458712.930847 nan -1.671321
2458712.951721 nan -0.742027
2458712.972534 nan -1.342466
2458712.993347 nan -0.786678
2458713.014221 nan -1.164220
2458713.035034 nan -1.785701
2458713.055847 nan -0.584170
2458713.076721 nan -2.199409
2458713.097534 24.911324 nan
2458713.118347 nan -5.108273
2458713.139221 nan -1.023823
2458713.160034 nan -1.585871
2458713.180847 nan -4.098682
2458713.201721 nan -0.846397
2458713.222534 nan -1.793957
2458713.243347 22.992317 nan
2458713.264221 23.904579 nan
2458713.285034 nan -1.508054
2458713.305847 23.304762 nan
2458713.326721 nan -1.888380
2458713.347534 nan -1.058361
2458713.368347 nan -1.037631
2458713.389221 nan -1.407161
2458713.410034 nan -3.211603
2458713.430847 23.016598 nan
2458713.451721 nan -2.400712
2458713.472534 nan -1.417341
2458713.493347 nan -3.346577
2458713.514221 22.455444 nan
2458713.535034 nan -0.828485
2458713.555847 nan -1.076711
2458713.576721 nan -1.527098
2458713.597534 nan -1.543626
2458713.618347 nan -1.075586
2458713.639221 23.544918 nan
2458713.660034 nan -0.964547
2458713.680847 nan -2.194242
2458713.701660 23.403965 nan
2458713.722473 nan -1.081123
2458713.743347 nan -1.311570
2458713.764160 nan -3.786236
2458713.784973 24.099005 nan
2458713.805847 nan -1.769755
2458713.826660 nan -2.576799
2458713.847473 23.559206 nan
2458713.868347 22.830040 nan
2458713.889160 24.850138 nan
2458713.909973 nan -2.305485
2458713.930847 25.692768 nan
2458713.951660 25.206860 nan
2458713.972473 nan -2.242151
2458713.993347 nan -3.731429
2458714.014160 26.531088 nan
2458714.034973 23.379423 nan
2458714.055847 nan -1.738044
2458714.076660 nan -2.570288
2458714.097473 nan -1.226697
2458714.118347 24.060976 nan
2458714.139160 nan -1.080063
2458714.159973 nan -2.067682
2458714.180847 nan -1.150390
2458714.201660 nan -2.637259
2458714.222473 25.644474 nan
2458714.243347 nan -1.240285
2458714.264160 nan -0.570072
2458714.284973 nan -0.785688
2458714.305847 nan -0.753167
2458714.326660 nan -1.030703
2458714.347473 nan -5.821294
2458714.368347 nan -3.514265
2458714.389160 nan -0.686650
2458714.409973 23.077885 nan
2458714.430847 nan -0.802252
2458714.451660 nan -1.503068
2458714.472473 24.940918 nan
2458714.493347 nan -1.524563
2458714.514160 22.332159 nan
2458714.534973 23.099300 nan
2458714.555847 nan -1.880716
2458714.576660 23.938992 nan
2458714.597473 23.049257 nan
2458714.618347 nan -1.266018
2458714.639160 23.180056 nan
2458714.659973 23.880234 nan
2458714.680847 nan -1.376379
2458714.701660 22.871193 nan
2458714.722473 23.916767 nan
2458714.743347 23.901434 nan
2458714.764160 24.835676 nan
2458714.784973 23.010948 nan
2458714.805847 26.312073 nan
2458714.826660 nan -1.103254
2458714.847473 23.717672 nan
2458714.868347 nan -1.149853
2458714.889160 22.513659 nan
2458714.909973 23.871483 nan
2458714.930847 nan -3.235511
2458714.951660 nan -2.079404
2458714.972473 22.214125 nan
2458714.993347 23.467491 nan
2458715.014160 23.908669 nan
2458715.034973 22.873013 nan
2458715.055847 23.207546 nan
2458715.076660 nan -0.958758
2458715.097473 23.330574 nan
2458715.118347 nan -1.309664
2458715.139160 24.619385 nan
2458715.159973 nan -1.285803
2458715.180847 23.628319 nan
2458715.201660 23.373997 nan
2458715.222473 23.589596 nan
2458715.243347 nan -2.294994
2458715.264160 23.277273 nan
2458715.284973 nan -2.203424
2458715.305847 22.905258 nan
2458715.326660 nan -1.189366
2458715.347473 nan -1.026696
2458715.368347 22.052828 2.184177
2458715.389160 nan -2.663751
2458715.409973 nan -1.123617
2458715.430847 23.060051 nan
2458715.451660 27.568531 nan
2458715.472473 23.009277 nan
2458715.493347 nan -1.574624
2458715.514160 23.910902 nan
2458715.534973 23.983328 nan
2458715.555847 24.617149 nan
2458715.576660 nan -1.213906
2458715.597473 nan -0.891860
2458715.618347 nan -1.565137
2458715.639160 nan -4.227221
2458715.680847 24.967735 nan
2458715.701660 24.216146 nan
2458715.722473 22.545897 nan
2458715.743347 nan -4.388855
2458715.764160 23.722845 nan
2458715.784973 nan -1.011612
2458715.805847 nan -1.185525
2458715.826660 22.915442 nan
2458715.847473 23.732838 nan
2458715.868347 23.219891 nan
2458715.889160 23.997358 nan
2458715.909973 22.579689 nan
2458715.930847 23.627214 nan
2458715.951660 22.963099 nan
2458715.972473 nan -0.880382
2458715.993347 24.283287 nan
2458716.014160 25.116444 nan
2458716.034973 nan -1.152709
2458716.055847 nan -1.735097
2458716.076660 23.172588 nan
2458716.097473 24.402634 nan
2458716.118347 nan -2.187934
2458716.139160 23.141136 nan
2458716.159973 24.256956 nan
2458716.180847 22.921261 nan
2458716.201660 24.587635 nan
2458716.222473 26.215910 nan
2458716.243347 nan -0.984092
2458716.264160 22.893084 nan
2458716.284973 nan -1.292246
2458716.305847 23.491264 nan
2458716.326660 nan -1.972910
2458716.347473 22.700668 nan
2458716.368347 nan -2.795775
2458716.389160 nan -1.004691
2458716.409973 nan -1.239666
2458716.430847 23.667812 nan
2458716.451660 nan -0.969292
2458716.472473 nan -1.212919
2458716.493347 23.328703 nan
2458716.514160 24.258913 nan
2458716.534973 nan -3.809010
2458716.555847 22.745834 nan
2458716.576660 26.876419 nan
2458716.597473 23.777458 nan
2458716.618347 nan -2.421014
2458716.639160 nan -1.765061
2458716.659973 nan -5.022697
2458716.680847 nan -1.202623
2458716.701660 23.126904 nan
2458716.722473 nan -1.153756
2458716.743347 nan -1.657961
2458716.764160 nan -1.093795
2458716.784973 nan -1.285577
2458716.805847 nan -1.701155
2458716.826660 nan -1.218478
2458716.847473 nan -2.661574
2458716.868347 nan -1.998870
2458716.889160 nan -3.173408
2458716.909973 nan -1.206756
2458716.930847 22.872782 nan
2458716.951660 nan -1.259024
2458716.972473 nan -1.862792
2458716.993347 nan -1.390830
2458717.014160 22.992313 nan
2458717.034973 nan -0.709168
2458717.055847 23.654280 nan
2458717.076660 nan -2.350619
2458717.097473 nan -0.908858
2458717.118347 nan -1.330943
2458717.139160 nan -0.733823
2458717.159973 nan -1.385018
2458717.180847 nan -0.988079
2458717.201660 nan -2.111700
2458717.222473 24.247179 nan
2458717.243347 nan -1.281105
2458717.264160 nan -2.612252
2458717.284973 nan -0.886872
2458717.305847 23.560833 nan
2458717.326660 23.743580 nan
2458717.347473 nan -1.140988
2458717.368347 nan -3.525434
2458717.389160 nan -1.787709
2458717.409973 22.660049 nan
2458717.430847 nan -0.950016
2458717.451660 nan -1.484965
2458717.472473 nan -1.025728
2458717.493347 nan -1.442869
2458717.514160 nan -1.138376
2458717.534973 nan -0.956193
2458717.555847 nan -2.430696
2458717.576660 27.045506 nan
2458717.597473 nan -1.056092
2458717.618347 nan -0.846239
2458717.639160 nan -1.340991
2458717.659973 nan -1.347745
2458717.680847 nan -1.062693
2458717.701660 nan -2.049241
2458717.722473 nan -0.823166
2458717.743347 24.898737 nan
2458717.764160 nan -2.087045
2458717.784973 nan -0.954926
2458717.805847 24.225548 nan
2458717.826660 24.552067 nan
2458717.847473 nan -0.804098
2458717.868347 nan -1.260426
2458717.889160 nan -1.738642
2458717.909973 nan -1.325619
2458717.930847 nan -0.929371
2458717.951660 nan -1.662611
2458717.972473 nan -0.938479
2458717.993347 nan -0.543076
2458718.014160 26.204929 nan
2458718.034973 nan -1.166668
2458718.055847 nan -1.293429
2458718.076660 24.715134 nan
2458718.097473 23.200319 nan
2458718.118347 nan -1.425424
2458718.139160 23.615473 nan
2458718.159973 24.462019 nan
2458718.180847 nan -1.867614
2458718.201660 nan -1.683293
2458718.222473 nan -1.059092
2458718.243347 nan -1.021660
2458718.264160 nan -0.834031
2458718.284973 nan -4.417019
2458718.305847 nan -0.994179
2458718.326660 22.824900 nan
2458718.347473 nan -1.183045
2458718.368347 nan -1.650611
2458718.389160 nan -0.915058
2458718.409973 22.999306 nan
2458718.430847 nan -0.735808
2458718.451660 nan -1.404794
2458718.472473 nan -1.434219
2458718.493347 23.111046 nan
2458718.514160 nan -0.650066
2458718.534973 nan -1.774506
2458718.555847 nan -0.860247
2458718.576660 nan -1.017421
2458718.597473 nan -1.028384
2458718.618347 nan -0.578385
2458718.639160 nan -0.734206
2458718.659973 nan -2.014557
2458718.680847 nan -2.044469
2458718.701660 nan -0.980705
2458718.722473 nan -0.789176
2458718.743347 24.753599 nan
2458718.764160 nan -0.907331
2458718.784973 28.022755 nan
2458718.805847 nan -1.220635
2458718.826660 nan -0.709387
2458718.847473 nan -0.848524
2458718.868347 nan -1.420174
2458718.889160 nan -0.735820
2458718.909973 nan -1.304630
2458718.930847 nan -1.392846
2458718.951660 nan -0.682470
2458718.972473 nan -1.390179
2458718.993347 nan -1.138075
2458719.014160 nan -0.817310
2458719.034973 nan -0.732486
2458719.055847 nan -0.827093
2458719.076660 nan -1.888497
2458719.097473 nan -1.004836
2458719.118347 nan -4.005269
2458719.139160 nan -1.518367
2458719.159973 26.810467 nan
2458719.180847 nan -1.771119
2458719.201660 nan -0.972660
2458719.222473 nan -1.663805
2458719.243347 nan -0.722993
2458719.264160 nan -0.977740
2458719.284973 nan -0.554719
2458719.305847 23.884962 nan
2458719.326660 23.324835 nan
2458719.347473 24.974012 nan
2458719.368347 nan -1.166216
2458719.389160 nan -1.025861
2458719.409973 nan -1.024639
2458719.430847 nan -1.069073
2458719.451660 23.850634 nan
2458719.472473 nan -1.213467
2458719.493347 nan -0.791269
2458719.514160 nan -0.985881
2458719.534973 nan -0.494773
2458722.930786 nan -0.856982
2458722.951599 nan -1.043969
2458722.972473 nan -0.522066
2458722.993286 nan -2.006482
2458723.014099 nan -0.622393
2458723.034973 nan -0.636100
2458723.055786 nan -0.684586
2458723.076599 nan -0.802448
2458723.097473 nan -0.598683
2458723.118286 nan -0.473158
2458723.139099 nan -1.249711
2458723.159973 nan -0.923096
2458723.180786 nan -0.495851
2458723.201599 nan -0.541444
2458723.222473 nan -0.574392
2458723.243286 nan -0.421444
2458723.264099 nan -0.540515
2458723.284973 nan -0.377050
2458723.305786 nan -0.499296
2458723.326599 nan -0.426974
2458723.347473 nan -0.454249
2458723.368286 nan -0.651518
2458723.389099 nan -0.459863
2458723.409973 nan -3.152645
2458723.430786 nan -0.992115
2458723.451599 nan -1.178459
2458723.472473 nan -0.967722
2458723.493286 nan -0.845813
2458723.514099 nan -0.768353
2458723.534973 nan -1.113093
2458723.555786 nan -1.941908
2458723.576599 nan -0.785834
2458723.597473 23.010057 nan
2458723.618286 nan -1.277198
2458723.639099 nan -0.566318
2458723.659973 nan -0.489110
2458723.680786 nan -0.919818
2458723.701599 nan -1.439170
2458723.722473 24.282854 nan
2458723.743286 nan -0.723174
2458723.764099 nan -1.696018
2458723.784973 nan -1.832965
2458723.805786 nan -1.504411
2458723.826599 nan -1.395812
2458723.847473 23.368612 nan
2458724.972473 nan -1.967960
2458724.993286 nan -1.093683
2458725.014099 nan -0.886680
2458725.034973 23.859190 nan
2458725.055786 nan -1.160822
2458725.076599 nan -1.184109
2458725.097473 23.514744 nan
2458725.118286 23.694695 nan
2458725.139099 23.069069 nan
2458725.159973 25.337803 nan
2458725.180786 23.566032 nan
2458725.201599 nan -1.037137
2458725.222473 nan -2.033999
2458725.243286 nan -0.634867
2458725.264099 nan -0.974554
2458725.284973 23.723427 nan
2458725.305786 nan -1.209263
2458725.326599 nan -1.098418
2458725.347473 23.258488 nan
2458725.368286 23.397263 nan
2458725.389099 nan -0.847587
2458725.409973 nan -1.088674
2458725.430786 nan -1.112711
2458725.451599 22.643633 nan
2458725.472412 24.136572 nan
2458725.493225 nan -1.444257
2458725.514099 nan -1.432580
2458725.534912 24.507692 nan
2458725.555725 nan -1.269089
2458725.576599 nan -2.132077
2458725.597412 nan -1.389153
2458725.618225 26.818233 nan
2458725.639099 nan -0.984888
2458725.659912 nan -1.200932
2458725.680725 nan -0.726449
2458725.701599 nan -1.541572
2458725.722412 nan -1.455545
2458725.743225 nan -2.418821
2458725.764099 nan -1.058384
2458725.784912 26.199966 nan
2458725.805725 23.428072 nan
2458725.826599 25.193645 nan
2458725.847412 nan -2.558257
2458725.868225 26.350365 nan
2458725.889099 24.863241 nan
2458725.909912 nan -1.623634
2458725.972412 24.199581 nan
2458725.993225 nan -1.338263
2458726.014099 nan -1.635422
2458726.034912 nan -2.300220
2458726.055725 nan -1.532478
2458726.076599 nan -4.350641
2458726.097412 nan -0.997885
2458726.118225 24.311079 nan
2458726.139099 nan -2.014033
2458726.159912 nan -0.608731
2458726.180725 25.821829 nan
2458726.201599 nan -1.338553
2458726.222412 25.415741 nan
2458726.243225 nan -1.284021
2458726.264099 nan -0.926177
2458726.284912 nan -1.251580
2458726.305725 nan -1.121477
2458726.326599 nan -1.634900
2458726.347412 nan -1.383869
2458726.368225 nan -1.232748
2458726.389099 nan -1.095156
2458726.409912 24.317833 nan
2458726.430725 nan -3.296192
2458726.451599 nan -1.841430
2458726.472412 nan -1.710349
2458726.493225 24.826939 nan
2458726.514099 nan -1.002102
2458726.534912 26.116037 nan
2458726.555725 nan -0.528552
2458726.576599 nan -1.451971
2458726.597412 nan -0.719695
2458726.618225 nan -0.852363
2458726.639099 nan -1.992947
2458726.659912 nan -3.387344
2458726.680725 nan -1.786575
2458726.701599 nan -0.863395
2458726.722412 24.006861 nan
2458726.743225 nan -2.086853
2458726.764099 nan -1.106596
2458726.784912 nan -0.752045
2458726.805725 nan -0.821331
2458726.826599 nan -0.696010
2458726.847412 nan -1.047899
2458726.868225 nan -0.933985
2458726.889099 nan -1.157264
2458726.909912 nan -1.385085
2458726.930725 nan -1.120956
2458726.951599 nan -1.096754
2458726.972412 nan -2.346664
2458726.993225 24.267994 nan
2458727.014099 nan -0.910152
2458727.034912 nan -2.317592
2458727.055725 nan -0.782226
2458727.076599 nan -1.680428
2458727.097412 23.505573 nan
2458727.118225 24.610565 nan
2458727.139099 nan -1.066730
2458727.159912 nan -1.070576
2458727.180725 nan -1.278283
2458727.201599 nan -1.123283
2458727.222412 nan -4.003390
2458727.243225 nan -2.259740
2458727.264099 nan -1.155631
2458727.284912 nan -0.648729
2458727.305725 nan -0.940164
2458727.326599 nan -1.070314
2458727.347412 nan -0.722789
2458727.368225 nan -1.225771
2458727.389099 nan -0.990201
2458727.409912 24.446289 nan
2458727.430725 nan -2.333844
2458727.451599 nan -1.792463
2458727.472412 nan -0.771571
2458727.493225 nan -1.144437
2458727.514099 23.216730 nan
2458727.534912 nan -1.383024
2458727.555725 24.461418 nan
2458727.576599 nan -1.592175
2458727.597412 nan -0.782300
2458727.618225 nan -1.816864
2458727.639099 nan -1.262887
2458727.659912 nan -1.523101
2458727.680725 nan -1.114501
2458727.701599 nan -2.150602
2458727.722412 nan -1.619156
2458727.743225 nan -1.202744
2458727.764099 23.357782 nan
2458727.784912 nan -0.745236
2458727.805725 nan -0.958711
2458727.826599 nan -1.480061
2458727.847412 nan -1.241793
2458727.868225 nan -0.917638
2458727.889038 nan -1.496196
2458727.909851 nan -2.727052
2458727.930725 nan -1.253433
2458727.951538 nan -2.110544
2458727.972351 29.710297 nan
2458727.993225 nan -1.011845
2458728.014038 nan -1.707683
2458728.034851 28.273996 nan
2458728.055725 nan -0.851847
2458728.076538 nan -1.148413
2458728.097351 nan -1.182430
2458728.118225 nan -1.041499
2458728.139038 nan -1.413010
2458728.159851 nan -4.992549
2458728.180725 23.446955 nan
2458728.201538 nan -1.836924
2458728.222351 nan -1.208893
2458728.243225 nan -2.424604
2458728.264038 nan -0.915668
2458728.284851 nan -1.918449
2458728.305725 nan -0.545427
2458728.326538 nan -1.160558
2458728.347351 nan -0.893757
2458728.368225 nan -0.615978
2458728.389038 nan -1.251640
2458728.409851 nan -1.638461
2458728.430725 24.959625 nan
2458728.451538 23.195087 nan
2458728.472351 nan -1.302365
2458728.493225 24.651154 nan
2458728.514038 nan -1.202085
2458728.534851 nan -0.636258
2458728.555725 nan -1.586409
2458728.576538 23.160313 nan
2458728.597351 nan -0.866058
2458728.618225 nan -1.257785
2458728.639038 nan -1.455170
2458728.659851 nan -3.173695
2458728.680725 nan -1.491487
2458728.701538 23.471605 nan
2458728.722351 nan -1.696179
2458728.743225 nan -0.702921
2458728.764038 nan -1.003938
2458728.784851 24.511496 nan
2458728.805725 nan -1.203246
2458728.826538 nan -1.575090
2458728.847351 nan -1.127862
2458728.868225 nan -2.892633
2458728.889038 nan -2.738502
2458728.909851 24.868546 nan
2458728.930725 nan -1.432611
2458728.951538 nan -1.019830
2458728.972351 nan -0.686829
2458728.993225 24.602161 nan
2458729.014038 nan -0.858212
2458729.034851 nan -0.553728
2458729.055725 nan -1.156190
2458729.076538 nan -1.062250
2458729.097351 nan -0.910143
2458729.118225 nan -0.858635
2458729.139038 nan -4.378996
2458729.159851 nan -1.207359
2458729.180725 nan -1.223079
2458729.201538 nan -1.736125
2458729.222351 nan -0.976691
2458729.264038 nan -1.719664
2458729.284851 nan -1.858648
2458729.305725 nan -0.872222
2458729.326538 23.768240 nan
2458729.347351 nan -1.345713
2458729.368225 nan -1.383187
2458729.389038 nan -2.920013
2458729.409851 nan -0.794040
2458729.430725 nan -0.765378
2458729.451538 nan -0.966528
2458729.472351 nan -1.421156
2458729.493225 24.596973 nan
2458729.514038 22.938438 nan
2458729.534851 24.071432 nan
2458729.555725 nan -4.390688
2458729.576538 24.421272 nan
2458729.597351 nan -0.883518
2458729.618225 nan -1.569837
2458729.639038 nan -4.891858
2458729.659851 24.165842 nan
2458729.680725 23.418879 nan
2458729.701538 nan -0.732964
2458729.722351 21.976730 1.789745
2458729.743225 nan -3.721258
2458729.764038 22.529888 nan
2458729.784851 nan -3.312721
2458729.805725 22.712399 nan
2458729.826538 nan -1.528562
2458729.847351 nan -1.611524
2458729.868225 nan -1.039716
2458729.889038 nan -2.490966
2458729.909851 nan -5.491826
2458729.930725 nan -1.295358
2458729.951538 23.139708 nan
2458729.972351 23.829105 nan
2458729.993225 28.818426 nan
2458730.014038 nan -1.072587
2458730.034851 22.644176 nan
2458730.055725 nan -2.064322
2458730.076477 22.969440 nan
2458730.097351 nan -4.008731
2458730.118164 nan -0.891198
2458730.138977 nan -3.248170
2458730.159851 23.712915 nan
2458730.180664 23.338009 nan
2458730.201477 22.595627 nan
2458730.222351 22.496058 nan
2458730.243164 24.694420 nan
2458730.263977 25.362640 nan
2458730.284851 nan -1.185495
2458730.305664 23.640739 nan
2458730.326477 25.654392 nan
2458730.347351 nan -3.498083
2458730.368164 nan -0.918207
2458730.388977 nan -1.160812
2458730.409851 nan -1.707643
2458730.430664 nan -4.007330
2458730.451477 25.348692 nan
2458730.472351 23.916492 nan
2458730.493164 nan -1.435851
2458730.513977 nan -0.997718
2458730.534851 23.366732 nan
2458730.555664 24.796158 nan
2458730.576477 23.358904 nan
2458730.597351 24.000311 nan
2458730.618164 22.012747 1.956405
2458730.638977 23.537445 nan
2458730.659851 23.293837 nan
2458730.680664 23.857777 nan
2458730.701477 nan -0.924971
2458730.722351 nan -1.757978
2458730.743164 25.190540 nan
2458730.763977 22.183006 4.085559
2458730.784851 23.055490 nan
2458730.805664 nan -2.831813
2458730.826477 24.579216 nan
2458730.847351 nan -1.856458
2458730.868164 22.639381 nan
2458730.888977 25.230438 nan
2458730.909851 nan -1.414886
2458730.930664 22.707321 nan
2458730.951477 nan -1.076419
2458730.972351 24.022701 nan
2458730.993164 nan -2.163809
2458731.013977 22.588034 nan
2458731.034851 nan -1.467203
2458731.055664 nan -4.187334
2458731.076477 nan -3.102103
2458731.097351 nan -1.643422
2458731.118164 23.391020 nan
2458731.138977 nan -2.305013
2458731.159851 nan -1.782755
2458731.180664 26.932848 nan
2458731.201477 26.905527 nan
2458731.222351 nan -1.189289
2458731.243164 22.858294 nan
2458731.263977 nan -1.624536
2458731.284851 21.998920 1.889005
2458731.305664 22.461124 nan
2458731.326477 nan -2.195072
2458731.347351 nan -1.898277
2458731.368164 23.269955 nan
2458731.388977 21.967558 1.752736
2458731.409851 22.870237 nan
2458731.430664 nan -2.224109
2458731.451477 23.826813 nan
2458731.472351 24.417446 nan
2458731.493164 25.138155 nan
2458731.513977 23.142666 nan
2458731.534851 nan -4.792766
2458731.555664 25.561085 nan
2458731.576477 23.160484 nan
2458731.597351 24.108950 nan
2458731.618164 nan -2.320723
2458731.638977 23.500731 nan
2458731.659851 23.444750 nan
2458731.680664 nan -1.351806
2458731.701477 nan -3.288440
2458731.722351 nan -1.017634
2458731.743164 nan -1.147982
2458731.763977 nan -0.672745
2458731.784851 nan -0.876532
2458731.805664 nan -2.188510
2458731.826477 nan -1.686492
2458731.847351 nan -1.206012
2458731.868164 27.479357 nan
2458731.888977 23.725613 nan
2458731.909851 nan -1.867644
2458731.930664 22.396164 nan
2458731.951477 nan -1.921509
2458731.972351 23.263847 nan
2458731.993164 nan -2.729715
2458732.013977 nan -1.638046
2458732.034851 nan -1.399291
2458732.055664 nan -0.821247
2458732.076477 nan -0.929404
2458732.097351 nan -1.318194
2458732.118164 22.737577 nan
2458732.138977 nan -0.857986
2458732.159851 24.050545 nan
2458732.180603 nan -1.054773
2458732.201477 nan -1.445373
2458732.222290 nan -1.957719
2458732.243103 25.500393 nan
2458732.263977 nan -0.807212
2458732.284790 nan -1.905140
2458732.305603 nan -1.852316
2458732.326477 25.179117 nan
2458732.347290 nan -1.239993
2458732.368103 nan -1.576794
2458732.388977 nan -1.657435
2458732.409790 25.073364 nan
2458732.430603 23.692516 nan
2458732.451477 25.850193 nan
2458732.472290 nan -2.207305
2458732.493103 23.916866 nan
2458732.513977 nan -1.850064
2458732.534790 nan -1.119656
2458732.555603 25.929956 nan
2458732.576477 nan -0.978951
2458732.597290 nan -0.896943
2458732.618103 23.694214 nan
2458732.638977 nan -0.972042
2458732.659790 nan -1.024281
2458732.680603 nan -0.672650
2458732.701477 nan -1.309527
2458732.722290 26.901505 nan
2458732.743103 nan -1.317035
2458732.763977 nan -1.320207
2458732.784790 nan -0.940505
2458732.805603 nan -0.732551
2458732.826477 nan -0.809375
2458732.847290 nan -0.915185
2458732.868103 nan -1.185958
2458732.888977 nan -2.027646
2458732.909790 nan -1.458006
2458732.930603 nan -0.683362
2458732.951477 nan -1.600136
2458732.972290 nan -1.429453
2458732.993103 nan -0.962792
2458733.013977 24.759117 nan
2458733.034790 nan -0.705832
2458733.055603 nan -1.015715
2458733.076477 nan -0.855931
2458733.097290 26.558670 nan
2458733.118103 nan -0.913649
2458733.138977 nan -0.697296
2458733.159790 24.463268 nan
2458733.180603 nan -1.399422
2458733.201477 25.025387 nan
2458733.222290 nan -1.149472
2458733.243103 nan -1.508477
2458733.263977 nan -1.050952
2458736.576355 nan -2.821846
2458736.597229 nan -0.836715
2458736.618042 nan -0.553835
2458736.638855 nan -0.934563
2458736.659729 nan -0.707504
2458736.680542 nan -0.627138
2458736.701355 nan -1.194401
2458736.722229 nan -0.856543
2458736.743042 nan -0.841426
2458736.763855 nan -0.746807
2458736.784729 nan -0.553847
2458736.805542 nan -2.502106
2458736.826355 nan -1.028169
2458736.847229 27.634697 nan
2458736.868042 nan -0.912529
2458736.888855 nan -0.788387
2458736.909729 nan -0.447986
2458736.930542 nan -0.608429
2458736.951355 nan -0.434071
2458736.972229 nan -0.485846
2458736.993042 nan -0.542037
2458737.013855 nan -0.604755
2458737.034729 nan -0.575702
2458737.055542 nan -0.330133
2458737.076355 nan -0.644163
2458737.097229 nan -0.655079
2458737.118042 nan -0.629558
2458737.138855 nan -0.531459
2458737.159729 24.877918 nan
2458737.180542 nan -0.832871
2458737.201355 nan -1.085385
2458737.222229 nan -1.416912
2458737.243042 nan -2.637066
2458737.263855 nan -0.601964
2458737.284729 nan -1.164641
2458737.305542 nan -0.818318
2458737.326355 nan -0.777450
2458737.347229 24.051855 nan
2458737.368042 23.050470 nan
2458737.388855 nan -0.847286
