2458683.368103 18.429008 0.285389
2458683.388916 18.105932 0.204381
2458683.409729 18.247042 0.235838
2458683.430603 17.892050 0.164784
2458683.451416 18.330973 0.257291
2458683.472229 17.907387 0.167516
2458683.493103 18.139795 0.211300
2458683.513916 18.579258 0.334506
2458683.534729 19.581200 1.196568
2458683.555603 18.977009 0.523477
2458683.576416 18.407228 0.278499
2458683.597229 17.958378 0.176176
2458683.618103 17.783632 0.148023
2458683.638916 18.084330 0.199859
2458683.659729 18.011091 0.185873
2458683.680603 18.278042 0.243659
2458683.701416 18.331314 0.257384
2458683.722229 18.611149 0.346252
2458683.743103 19.031397 0.557893
2458683.763916 18.370754 0.268331
2458683.784729 18.077583 0.198705
2458683.805603 18.093878 0.201753
2458683.826416 17.670139 0.132447
2458683.847290 17.979311 0.179816
2458683.868103 17.692089 0.135331
2458683.888977 17.915819 0.168839
2458683.909790 18.599115 0.342647
2458683.930603 18.554796 0.325883
2458683.951477 18.763042 0.409191
2458683.972290 17.981113 0.180076
2458683.993103 17.983828 0.180831
2458684.013977 17.839813 0.156554
2458684.034790 17.764263 0.145353
2458684.055603 18.003603 0.184239
2458684.076477 17.814762 0.152907
2458684.097290 17.966484 0.177593
2458684.118103 18.028061 0.189116
2458684.138977 18.493231 0.305885
2458684.159790 18.048096 0.193303
2458684.180603 17.912983 0.168942
2458684.201477 17.690971 0.136326
2458684.222290 17.648201 0.130508
2458684.243103 17.650494 0.131190
2458684.263977 17.749283 0.144998
2458684.284790 17.837591 0.158474
2458684.305603 18.245653 0.239307
2458684.326477 18.394705 0.279938
2458684.347290 18.077915 0.202876
2458684.368103 17.971342 0.182501
2458684.388977 17.935768 0.175991
2458684.409790 17.909189 0.171718
2458684.430603 17.598755 0.126844
2458684.451477 17.480827 0.113501
2458684.472290 17.825562 0.158969
2458684.493103 17.671030 0.137418
2458684.513977 18.134027 0.217734
2458684.534790 18.099758 0.211005
2458684.555603 17.927050 0.177539
2458684.576477 17.719206 0.144948
2458684.597290 17.661163 0.137486
2458684.618103 17.613106 0.131391
2458684.638977 17.687363 0.141441
2458684.659790 17.769676 0.153787
2458684.680603 17.825586 0.162514
2458684.701477 17.793802 0.158068
2458684.722290 18.027718 0.199375
2458684.743103 18.011316 0.196454
2458684.763977 17.932419 0.181909
2458684.784790 17.508251 0.119980
2458684.805603 17.607061 0.132033
2458684.826477 17.437931 0.112290
2458684.847290 17.419083 0.110345
2458684.868103 17.491219 0.118939
2458684.888977 17.998066 0.195974
2458684.909790 17.644085 0.137451
2458684.930603 17.894730 0.176123
2458684.951477 17.851099 0.168475
2458684.972290 17.732327 0.149568
2458684.993103 17.637848 0.136176
2458685.013977 17.516888 0.120921
2458685.034790 17.638830 0.136230
2458685.055603 17.742687 0.151053
2458685.076477 17.826134 0.164359
2458685.097290 17.812874 0.162360
2458685.118103 17.979654 0.192438
2458685.138977 17.923923 0.182327
2458685.159790 17.957180 0.188751
2458685.180603 17.535248 0.124654
2458685.201477 17.474930 0.117829
2458685.222290 17.512106 0.122057
2458685.243103 17.290583 0.098514
2458685.263977 17.575798 0.129779
2458685.284790 17.636703 0.137638
2458685.305603 17.573923 0.129378
2458685.326477 18.067879 0.211419
2458685.347290 17.907953 0.179814
2458685.368103 17.738827 0.152023
2458685.388977 17.670937 0.142418
2458685.409790 17.591991 0.131634
2458685.430603 17.507647 0.121432
2458685.451477 17.555147 0.127288
2458685.472290 17.564428 0.128676
2458685.493103 17.919622 0.183104
2458685.513977 17.895237 0.179426
2458685.534790 18.056133 0.211587
2458685.555603 17.823179 0.167950
2458685.576477 17.767504 0.159252
2458685.597290 17.652962 0.143056
2458685.618103 17.682459 0.147248
2458685.638977 17.584093 0.134032
2458685.659790 17.427284 0.115189
2458685.680603 17.915470 0.186951
2458685.701477 17.939894 0.191441
2458685.722290 18.471846 0.332650
2458685.743103 18.325174 0.284489
2458685.763977 17.546755 0.129976
2458685.784790 17.773695 0.162970
2458685.805603 17.674044 0.147531
2458685.826477 17.499966 0.124518
2458685.847290 17.485500 0.123331
2458685.868103 17.557755 0.131823
2458685.888977 17.674646 0.148622
2458685.909790 18.004967 0.205626
2458685.930603 18.062733 0.217435
2458685.951477 17.734562 0.156152
2458685.972290 17.704618 0.151308
2458685.993103 17.486965 0.122080
2458686.013977 17.353003 0.107279
2458686.034790 17.592567 0.134975
2458686.055603 17.599190 0.135957
2458686.076477 17.571390 0.132779
2458686.097290 18.063562 0.216626
2458686.118103 17.724430 0.154995
2458686.138977 17.747940 0.158544
2458686.159790 17.817812 0.170391
2458686.180664 17.632841 0.142249
2458686.201477 17.528803 0.128501
2458686.222351 17.683567 0.149435
2458686.243164 17.546865 0.130894
2458686.263977 17.493271 0.123744
2458686.284851 17.738695 0.157803
2458686.305664 17.928005 0.189875
2458686.326477 17.983015 0.200359
2458686.347351 17.887962 0.181811
2458686.368164 17.615286 0.138792
2458686.388977 17.631603 0.140966
2458686.409851 17.685076 0.148511
2458686.430664 17.483147 0.122152
2458686.451477 17.544121 0.130083
2458686.472351 17.729660 0.156172
2458686.493164 17.866621 0.179435
2458686.513977 17.873306 0.181312
2458686.534851 17.797863 0.168934
2458686.555664 17.723518 0.158060
2458686.576477 17.722021 0.157904
2458686.597351 17.574150 0.136862
2458686.618164 17.296429 0.105012
2458686.638977 17.704191 0.156779
2458686.659851 17.740635 0.162675
2458686.680664 17.523840 0.131890
2458686.701477 17.736012 0.162765
2458686.722351 17.682856 0.154389
2458686.743164 18.029730 0.218970
2458686.763977 17.714975 0.160081
2458686.784851 17.688477 0.156105
2458686.805664 17.661686 0.152341
2458686.826477 17.502142 0.130400
2458686.847351 17.552917 0.137267
2458686.868164 17.594879 0.143023
2458686.888977 17.687824 0.156685
2458686.909851 17.958258 0.205440
2458686.930664 18.058348 0.227096
2458686.951477 17.743374 0.164799
2458686.972351 17.336807 0.110261
2458686.993164 17.573999 0.139136
2458687.013977 17.672945 0.152649
2458687.034851 17.629211 0.145985
2458687.055664 17.633621 0.146971
2458687.076477 17.589914 0.140538
2458687.097351 17.638550 0.147506
2458687.118164 17.860937 0.184461
2458687.138977 17.893763 0.191152
2458687.159851 17.570957 0.138925
2458687.180664 17.512213 0.131466
2458687.201477 17.317287 0.109004
2458687.222351 17.787819 0.172689
2458687.243164 17.462872 0.125281
2458687.263977 17.569675 0.139126
2458687.284851 17.743948 0.164579
2458687.305664 17.919779 0.195709
2458687.326477 17.849342 0.181900
2458687.347351 17.754398 0.165443
2458687.368164 17.619047 0.144193
2458687.388977 17.440306 0.120927
2458687.409851 17.598396 0.141098
2458687.430664 17.595421 0.141114
2458687.451477 17.557995 0.135815
2458687.472351 17.553883 0.136024
2458687.493164 18.045010 0.222596
2458687.513977 17.987160 0.210969
2458687.534851 17.846151 0.183932
2458687.555664 17.988323 0.213583
2458687.576477 17.556877 0.139550
2458687.597351 17.566832 0.141833
2458687.618164 17.528730 0.137037
2458687.638977 17.760111 0.172829
2458687.659851 17.820660 0.184250
2458687.680664 17.884003 0.196808
2458687.701477 17.791279 0.179468
2458687.722351 18.516760 0.384415
2458687.743164 18.030451 0.228791
2458687.763977 17.842730 0.189442
2458687.784851 17.399395 0.122427
2458687.805664 17.720375 0.168167
2458687.826477 17.684029 0.162336
2458687.847351 17.848879 0.191724
2458687.868164 17.876400 0.197548
2458687.888977 18.065495 0.239692
2458687.930664 18.174122 0.267866
2458687.951477 17.584972 0.147358
2458687.972351 17.732414 0.170222
2458687.993164 17.604645 0.149574
2458688.013977 17.600605 0.148782
2458688.034851 17.554348 0.142101
2458688.055664 17.780630 0.177843
2458688.076477 17.955082 0.211689
2458688.097351 17.769314 0.176694
2458688.118164 17.859509 0.193019
2458688.138977 17.796028 0.181284
2458688.159851 17.820753 0.186574
2458688.180664 17.807816 0.184298
2458688.201477 17.468609 0.132008
2458688.222351 17.655367 0.158392
2458688.243164 17.828739 0.188286
2458688.263977 17.850220 0.191870
2458688.284851 18.380653 0.331766
2458688.305664 18.405964 0.339768
2458688.326477 17.987852 0.218486
2458688.347351 18.221786 0.277633
2458688.368164 17.658920 0.156277
2458688.388977 17.792065 0.178574
2458688.409851 17.513161 0.135230
2458688.430664 17.903894 0.199741
2458688.451477 17.601944 0.147932
2458688.472351 17.549286 0.141058
2458688.493164 17.663843 0.158863
2458688.513977 17.802525 0.183339
2458688.534851 18.573780 0.417084
2458688.555664 18.070715 0.244720
2458688.576477 17.820396 0.190676
2458688.597351 17.692268 0.168601
2458688.618164 17.595247 0.153974
2458688.638977 17.864443 0.202999
2458688.659851 18.129915 0.267625
2458688.680725 17.908108 0.213035
2458688.701538 18.363565 0.344347
2458688.722351 17.974224 0.229224
2458688.743225 18.225918 0.298732
2458688.764038 17.709431 0.175996
2458688.784851 17.410259 0.131193
2458688.805725 17.619617 0.161650
2458688.826538 17.493237 0.143105
2458688.847351 18.060715 0.253875
2458688.868225 17.827377 0.200715
2458688.889038 18.056900 0.253847
2458688.909851 18.030132 0.246872
2458688.930725 17.991264 0.237023
2458688.951538 18.138920 0.275877
2458688.972351 17.888517 0.212292
2458688.993225 17.681936 0.172257
2458689.014038 18.079239 0.257448
2458689.034851 17.711491 0.177215
2458689.055725 18.434052 0.376053
2458689.076538 17.788902 0.191809
2458689.097351 18.555870 0.432798
2458689.118225 18.405109 0.367107
2458689.139038 17.901335 0.216494
2458689.159851 17.743462 0.184864
2458689.180725 17.655060 0.169531
2458694.639099 nan -0.399094
2458694.659973 nan -0.304958
2458694.680786 nan -0.217147
2458694.701599 nan -0.458276
2458694.722473 nan -0.659563
2458694.743286 nan -0.387927
2458694.764099 nan -0.907931
2458694.784973 nan -0.461975
2458694.805786 nan -0.470775
2458694.826599 nan -0.570388
2458694.847473 nan -0.496673
2458694.868286 nan -0.278850
2458694.889099 nan -0.331205
2458694.909973 nan -0.440567
2458694.930786 nan -0.619006
2458694.951599 nan -1.021956
2458694.972473 nan -0.739027
2458694.993286 nan -0.316899
2458695.014099 nan -0.815362
2458695.034973 nan -0.487653
2458695.055786 nan -0.375888
2458695.076599 nan -0.476173
2458695.097473 nan -0.535906
2458695.118286 19.573536 1.835570
2458695.139099 20.572630 nan
2458695.159973 21.177832 nan
2458695.180786 20.168848 nan
2458695.201599 20.062893 nan
2458695.222473 19.397442 1.229029
2458695.243286 nan -1.025670
2458695.264099 nan -0.574723
2458695.284973 nan -0.366903
2458695.305786 20.289270 nan
2458695.326599 21.229237 nan
2458695.347473 24.105581 nan
2458695.368286 18.774817 0.504565
2458695.389099 19.410919 1.188583
2458695.409973 20.053940 nan
2458695.430786 23.329985 nan
2458695.451599 23.110729 nan
2458695.472473 20.588621 nan
2458695.493286 20.589230 nan
2458695.514099 19.140011 0.762393
2458695.534973 18.840954 0.526193
2458695.555786 18.360945 0.306422
2458695.576599 18.648321 0.419807
2458695.597473 18.691622 0.440595
2458695.618286 19.422071 1.159656
2458695.639099 nan -1.441427
2458695.659973 19.782957 2.637298
2458695.680786 20.474472 nan
2458695.701599 21.870384 nan
2458695.722473 21.772947 nan
2458695.743286 nan -3.038703
2458695.764099 19.559191 1.445300
2458695.784973 19.116257 0.725447
2458695.805786 18.790020 0.483238
2458695.826599 nan -1.055549
2458695.847473 nan -0.369907
2458695.868286 nan -1.264407
2458695.889099 nan -0.346544
2458695.909973 nan -0.877607
2458695.930786 19.374548 0.975986
2458695.951599 18.827845 0.475558
2458695.972473 18.186892 0.234854
2458695.993286 19.282078 0.814662
2458696.014099 19.091290 0.625891
2458696.034973 nan -1.448544
2458696.055786 nan -0.325365
2458696.076599 nan -0.395744
2458696.097473 nan -0.567502
2458696.118286 22.387236 nan
2458696.139099 23.380493 nan
2458696.159973 18.987150 0.528379
2458696.180786 nan -1.048611
2458696.201599 nan -1.637086
2458696.222473 nan -1.044516
2458696.243286 nan -0.340531
2458696.264099 nan -0.319270
2458696.284973 nan -0.296964
2458696.305786 nan -0.869088
2458696.326599 nan -0.686039
2458696.347473 21.497526 nan
2458696.368286 nan -0.377374
2458697.368347 18.430403 0.285425
2458697.389160 18.693344 0.380601
2458697.409973 18.892481 0.477162
2458697.430847 19.288116 0.772101
2458697.451660 19.536119 1.107974
2458697.472473 20.624310 nan
2458697.493347 18.790773 0.421606
2458697.514160 19.153908 0.648418
2458697.534973 18.440506 0.288438
2458697.555847 18.424753 0.283788
2458697.576660 18.161583 0.216200
2458697.597473 18.438574 0.287868
2458697.618347 18.606585 0.344383
2458697.639160 19.233370 0.718418
2458697.659973 19.033245 0.559986
2458697.680847 18.303547 0.249844
2458697.701660 18.595160 0.340453
2458697.722473 18.612625 0.346862
2458697.743347 18.775303 0.414710
2458697.764160 18.371740 0.268071
2458697.784973 18.859434 0.456151
2458697.805847 18.489971 0.303468
2458697.826660 19.013367 0.545358
2458697.847473 18.700344 0.381252
2458697.868347 19.387743 0.885595
2458697.889160 18.340227 0.259482
2458697.909973 18.651329 0.361607
2458697.930847 18.005613 0.184369
2458697.951660 18.094290 0.201765
2458697.972473 17.844719 0.157717
2458697.993347 18.210573 0.227289
2458698.014160 18.305696 0.250647
2458698.034973 18.678251 0.373130
2458698.055847 18.754169 0.406060
2458698.076660 18.513382 0.311443
2458698.097473 18.600187 0.341698
2458698.118347 18.299700 0.249148
2458698.139160 18.066746 0.196336
2458698.159973 17.971943 0.178877
2458698.180847 17.984257 0.181105
2458698.201660 17.845119 0.157499
2458698.222473 18.161583 0.216716
2458698.243347 19.266092 0.753279
2458698.264160 18.363409 0.267482
2458698.284973 18.312923 0.254275
2458698.305847 17.718903 0.140077
2458698.326660 17.839426 0.157988
2458698.347473 17.885866 0.165565
2458698.368347 17.689928 0.136776
2458698.389160 18.149010 0.216523
2458698.409973 18.118279 0.210408
2458698.430847 17.993351 0.185776
2458698.451660 19.008747 0.556482
2458698.472473 18.064276 0.200481
2458698.493347 18.227211 0.237201
2458698.514160 17.754007 0.147755
2458698.534973 17.816250 0.157611
2458698.555847 17.957800 0.181420
2458698.576660 17.942415 0.178947
2458698.597473 18.064335 0.202833
2458698.618347 17.867859 0.166696
2458698.639160 18.570221 0.345003
2458698.659973 18.330099 0.266931
2458698.680847 18.064707 0.203451
2458698.701660 17.937286 0.179187
2458698.722473 17.745798 0.148610
2458698.743347 17.775230 0.152835
2458698.764160 17.974075 0.186640
2458698.784973 17.822739 0.160656
2458698.805847 18.036358 0.199240
2458698.826660 18.223299 0.241957
2458698.847473 17.964773 0.185976
2458698.868347 17.872507 0.169668
2458698.889160 17.694317 0.142353
2458698.909973 17.571514 0.125908
2458698.930847 17.685369 0.140644
2458698.951660 17.647766 0.135468
2458698.972473 17.979889 0.188268
2458698.993347 17.856228 0.166085
2458699.014160 17.965466 0.185603
2458699.034973 17.949411 0.182829
2458699.055847 18.323437 0.268292
2458699.076660 18.007221 0.194382
2458699.097473 17.883373 0.172400
2458699.118347 17.646086 0.136246
2458699.139160 17.735462 0.148877
2458699.159973 17.688162 0.142325
2458699.180847 17.651154 0.137022
2458699.201660 17.935371 0.181551
2458699.222473 17.897350 0.175420
2458699.243347 18.144344 0.223584
2458699.264160 18.105007 0.214603
2458699.284973 17.856411 0.167444
2458699.305847 17.833271 0.163223
2458699.326660 17.794914 0.157214
2458699.347473 17.575153 0.126690
2458699.368347 18.077042 0.209154
2458699.389160 17.870691 0.170030
2458699.409973 17.903229 0.176026
2458699.430847 17.955942 0.186491
2458699.451660 17.999353 0.195864
2458699.472473 17.668621 0.140725
2458699.493347 17.685495 0.143717
2458699.514160 17.742224 0.152252
2458699.534973 17.510712 0.121729
2458699.555847 17.563997 0.128390
2458699.576660 17.589933 0.131852
2458699.597473 17.881763 0.175991
2458699.618347 17.679995 0.144088
2458699.639160 18.149765 0.230531
2458699.659973 17.962524 0.190636
2458699.680847 17.881010 0.175626
2458699.701660 17.602875 0.133649
2458699.722473 17.587881 0.131658
2458699.743347 17.732832 0.151990
2458699.764160 17.751854 0.155107
2458699.784973 17.888973 0.178171
2458699.805847 17.677889 0.144848
2458699.826660 17.991320 0.197881
2458699.847473 17.976635 0.195184
2458699.868347 17.776358 0.159839
2458699.889160 17.505638 0.122713
2458699.909973 17.658676 0.142896
2458699.930847 17.436281 0.114422
2458699.951660 17.390747 0.109533
2458699.972473 17.631584 0.137761
2458699.993347 17.728830 0.151334
2458700.014160 17.938862 0.187001
2458700.034973 17.762630 0.156174
2458700.055847 18.068087 0.212391
2458700.076660 17.915987 0.182520
2458700.097473 17.606400 0.134472
2458700.118347 17.574699 0.130528
2458700.139160 17.372377 0.107448
2458700.159973 17.512732 0.123131
2458700.180847 17.899595 0.180555
2458700.201660 17.726368 0.152200
2458700.222473 17.976799 0.194760
2458700.243347 17.841713 0.169625
2458700.264160 18.055101 0.209900
2458700.284973 17.727238 0.150857
2458700.305847 17.764793 0.156360
2458700.326660 17.488766 0.119244
2458700.347473 17.326664 0.102068
2458700.368347 17.399075 0.109403
2458700.389160 17.590452 0.131977
2458700.409973 17.765696 0.157965
2458700.430847 17.908083 0.181619
2458700.451660 17.806057 0.164704
2458700.472473 17.927036 0.186582
2458700.493347 17.657162 0.144117
2458700.514160 17.574795 0.132666
2458700.534973 17.578892 0.133716
2458700.555847 17.439436 0.116947
2458700.576660 17.625595 0.140661
2458700.597473 17.645884 0.144116
2458700.618347 17.732327 0.156555
2458700.639160 17.964909 0.197748
2458700.659973 17.922646 0.189542
2458700.680847 17.751143 0.159460
2458700.701660 17.820160 0.170947
2458700.722473 17.383783 0.111382
2458700.743347 17.706070 0.152570
2458700.764160 17.652821 0.145038
2458700.784973 17.624226 0.141281
2458700.805847 17.951674 0.195782
2458700.826660 17.660191 0.146845
2458700.847473 17.895288 0.185909
2458700.868347 17.860199 0.179337
2458700.889160 17.657837 0.146703
2458700.909973 17.785172 0.166315
2458700.930847 17.599249 0.138197
2458700.951660 17.516279 0.127446
2458700.972473 17.701996 0.152336
2458700.993347 17.686020 0.149882
2458701.014160 17.876226 0.180788
2458701.034973 18.184763 0.246444
2458701.055847 17.950148 0.194062
2458701.076660 17.669035 0.147021
2458701.097473 17.563023 0.132727
2458701.118347 17.485342 0.123160
2458701.139160 17.556450 0.132441
2458701.159973 17.692120 0.151450
2458701.180847 17.731365 0.157537
2458701.201660 17.849440 0.177040
2458701.222473 17.787542 0.166264
2458701.243347 17.896944 0.185160
2458701.264160 17.734015 0.156771
2458701.284973 17.633921 0.141646
2458701.305847 17.454906 0.118836
2458701.326660 17.574074 0.133165
2458701.347473 17.501417 0.124026
2458701.368347 17.659269 0.144792
2458701.389160 17.843239 0.174020
2458701.409973 17.854891 0.176596
2458701.430847 17.835724 0.173604
2458701.451660 17.814785 0.170829
2458701.472473 17.785402 0.167764
2458701.493347 17.532129 0.130700
2458701.514160 17.500498 0.127557
2458701.534973 17.486460 0.126280
2458701.555847 17.621119 0.144669
2458701.576660 17.781065 0.170343
2458701.597473 17.593704 0.142224
2458701.618347 17.575249 0.140343
2458701.659973 17.551193 0.137108
2458701.680847 17.547199 0.136591
2458701.701660 17.528549 0.133853
2458701.722473 17.637867 0.148886
2458701.743347 17.493429 0.129223
2458701.764160 17.820660 0.178504
2458701.784973 17.695480 0.157659
2458701.805847 17.702976 0.158884
2458701.826660 17.915287 0.196798
2458701.847473 17.715233 0.161742
2458701.868347 17.653084 0.151640
2458701.889160 17.816038 0.178409
2458701.909973 17.429071 0.121884
2458701.930847 17.595825 0.143326
2458701.951660 17.620310 0.146705
2458701.972473 17.768816 0.169687
2458701.993347 17.810894 0.176523
2458702.014160 17.549435 0.136304
2458702.034973 18.134884 0.245320
2458702.055847 17.839197 0.181690
2458702.076660 17.729790 0.163199
2458702.097473 17.485378 0.128585
2458702.118347 17.691784 0.157936
2458702.139160 17.575684 0.141232
2458702.159973 17.409788 0.120352
2458702.180847 17.818476 0.180274
2458702.201660 18.102695 0.240546
2458702.222473 18.174911 0.258701
2458702.243347 18.114958 0.242550
2458702.264160 17.918089 0.197643
2458702.284973 17.504501 0.130634
2458702.305847 17.707054 0.158780
2458702.326660 17.493341 0.128431
2458702.347473 17.632542 0.147392
2458702.368347 17.716160 0.159473
2458702.389160 17.679640 0.153953
2458702.409973 17.830318 0.179070
2458702.430847 18.114460 0.240586
2458702.451660 17.506401 0.131472
2458702.472473 17.799213 0.176812
2458702.493347 17.544727 0.138446
2458702.514160 17.446697 0.127037
2458702.534973 17.603907 0.148889
2458702.555847 17.690729 0.163518
2458702.576660 17.786827 0.181114
2458702.597473 17.982986 0.222674
2458702.618347 18.434845 0.359043
2458702.639160 18.393538 0.344476
2458702.659973 17.695606 0.168471
2458702.680847 17.503117 0.138789
2458702.701660 17.753796 0.177758
2458702.722473 17.792574 0.184705
2458702.743347 17.585833 0.150253
2458702.764160 17.787426 0.183563
2458702.784973 18.147934 0.265738
2458702.805847 17.910505 0.208847
2458702.826660 18.370005 0.338968
2458702.847473 18.071493 0.247112
2458702.868347 17.517284 0.141880
2458702.889160 17.672260 0.165492
2458702.909973 18.075209 0.248928
2458702.930847 17.662077 0.164102
2458702.951660 17.772036 0.182508
2458702.972473 18.002998 0.230218
2458702.993347 17.842318 0.194932
2458703.014160 17.738716 0.175444
2458703.034973 18.037039 0.237335
2458703.055847 17.948811 0.216501
2458703.076660 17.790749 0.184884
2458703.097473 17.713640 0.171519
2458703.118347 17.698425 0.169604
2458703.139160 17.553604 0.147732
2458703.159973 17.707973 0.172834
2458703.180847 17.511124 0.142533
2458703.201660 18.413811 0.361072
2458703.222473 18.210539 0.290583
2458703.243347 17.851490 0.200494
2458703.264160 17.737022 0.178062
2458703.284973 18.067848 0.248128
2458708.743347 nan -0.435993
2458708.764160 nan -0.302135
2458708.784973 nan -0.737325
2458708.805847 nan -1.880876
2458708.826660 21.338768 nan
2458708.847473 nan -0.913056
2458708.868347 nan -0.701635
2458708.889160 nan -0.408806
2458708.909973 nan -1.801074
2458708.930847 nan -0.499048
2458708.951660 nan -0.569363
2458708.972473 nan -0.292018
2458708.993347 nan -0.595350
2458709.014160 nan -1.078694
2458709.034973 20.096947 nan
2458709.055847 nan -2.332027
2458709.076660 19.089338 0.899221
2458709.097473 19.384830 1.439084
2458709.118347 19.539700 2.004308
2458709.139160 nan -1.457936
2458709.159973 nan -1.519218
2458709.180847 nan -2.143766
2458709.201660 nan -2.248627
2458709.222473 nan -1.666837
2458709.243347 nan -3.624127
2458709.264160 18.493122 0.410680
2458709.284973 19.450359 1.541442
2458709.305847 19.365545 1.305139
2458709.326660 22.723476 nan
2458709.347473 21.143345 nan
2458709.368347 nan -1.266537
2458709.389160 22.691383 nan
2458709.409973 19.744150 3.410387
2458709.430847 18.468002 0.376970
2458709.451660 18.212751 0.283762
2458709.472473 18.632105 0.445092
2458709.493347 18.239662 0.288104
2458709.514160 18.654856 0.451309
2458709.535034 18.857428 0.569866
2458709.555847 18.878487 0.582870
2458709.576660 19.083548 0.756011
2458709.597534 18.852379 0.563639
2458709.618347 19.506886 1.462989
2458709.639221 18.886887 0.589439
2458709.660034 18.913134 0.609807
2458709.680847 18.748098 0.500545
2458709.701721 18.500071 0.377868
2458709.722534 19.056602 0.732463
2458709.743347 nan -2.541284
2458709.764221 19.647352 2.000976
2458709.785034 19.114067 0.782974
2458709.805847 20.208380 nan
2458709.826721 18.861322 0.560921
2458709.847534 18.421713 0.337256
2458709.868347 18.155666 0.253476
2458709.889221 18.374702 0.317008
2458709.910034 18.321138 0.298646
2458709.930847 18.493872 0.355727
2458709.951721 18.524633 0.365437
2458709.972534 19.489847 1.266835
2458709.993347 18.709675 0.438658
2458710.014221 18.694645 0.426654
2458710.035034 18.001904 0.202413
2458710.055847 18.871964 0.507630
2458710.076721 18.282122 0.262155
2458710.097534 18.054689 0.204142
2458710.118347 18.254505 0.246202
2458710.139221 18.642763 0.365984
2458710.160034 18.971821 0.525042
2458710.180847 19.166550 0.664412
