2459810.881312 15.467935 0.023641
2459810.888257 15.407995 0.022385
2459810.895201 15.405485 0.022336
2459810.902145 15.414874 0.022520
2459810.909090 15.420339 0.022628
2459810.916034 15.426215 0.022753
2459810.922978 15.389843 0.022014
2459810.929923 15.391552 0.022048
2459810.936867 15.419854 0.022670
2459810.943811 15.400885 0.022242
2459810.950756 15.448589 0.023248
2459810.957700 15.411693 0.022500
2459810.964645 15.362934 0.021488
2459810.971589 15.387873 0.021975
2459810.978533 15.352386 0.021275
2459810.985478 15.395679 0.022140
2459810.992422 15.401192 0.022241
2459810.999366 15.373773 0.021731
2459811.006311 15.375229 0.021738
2459811.013255 15.347151 0.021222
2459811.020199 15.377146 0.021763
2459811.027144 15.329676 0.020867
2459811.034088 15.352634 0.021283
2459811.041032 15.327555 0.020800
2459811.047977 15.329517 0.020890
2459811.054921 15.341012 0.021067
2459811.061865 15.364162 0.021528
2459811.068810 15.328482 0.020825
2459811.075754 15.305576 0.020400
2459811.082698 15.336381 0.020974
2459811.089643 15.265060 0.019674
2459811.096587 15.263311 0.019673
2459811.103531 15.321596 0.020714
2459811.110476 15.261637 0.019657
2459811.117420 15.291727 0.020144
2459811.124365 15.262712 0.019616
2459811.131309 15.266915 0.019722
2459811.138253 15.295040 0.020216
2459811.145198 15.253154 0.019456
2459811.152142 15.252012 0.019445
2459811.159086 15.286610 0.020065
2459811.166031 15.236832 0.019179
2459811.172975 15.282681 0.020005
2459811.179919 15.238630 0.019208
2459811.186864 15.245317 0.019312
2459811.193808 15.242217 0.019271
2459811.200752 15.211547 0.018750
2459811.207697 15.221905 0.018911
2459811.214641 15.263437 0.019652
2459811.221585 15.208282 0.018693
2459811.228530 15.219199 0.018878
2459811.235474 15.229361 0.019053
2459811.242418 15.218637 0.018871
2459811.249363 15.213717 0.018775
2459811.256307 15.260683 0.019611
2459811.263251 15.194331 0.018451
2459811.270196 15.189803 0.018381
2459811.277140 15.219638 0.018894
2459811.284084 15.189384 0.018372
2459811.291029 15.181468 0.018241
2459811.297973 15.169358 0.018048
2459811.304918 15.201372 0.018570
2459811.311862 15.176584 0.018198
2459811.318806 15.197937 0.018525
2459811.325751 15.187153 0.018344
2459811.332695 15.154530 0.017799
2459811.339639 15.165095 0.017976
2459811.346584 15.166446 0.018003
2459811.353528 15.169753 0.018081
2459811.360472 15.206528 0.018657
2459811.367417 15.168987 0.018042
2459811.374361 15.146592 0.017691
2459811.381305 15.154928 0.017822
2459811.388250 15.101580 0.016979
2459811.395194 15.118441 0.017240
2459811.402138 15.109774 0.017108
2459811.409083 15.150985 0.017761
2459811.416027 15.070185 0.016511
2459811.422971 15.065970 0.016446
2459811.429916 15.074333 0.016582
2459811.436860 15.068038 0.016478
2459811.443804 15.071122 0.016524
2459811.450749 15.047666 0.016192
2459811.457693 15.017767 0.015754
2459811.464637 15.005224 0.015571
2459811.471582 15.031233 0.015949
2459811.478526 15.001480 0.015524
2459811.485470 14.978220 0.015237
2459811.492415 14.975172 0.015161
2459811.499359 15.009169 0.015629
2459811.506303 14.973920 0.015150
2459811.513248 14.980958 0.015239
2459811.520192 14.952080 0.014882
2459811.527136 14.965147 0.015031
2459811.534081 14.969260 0.015081
2459811.541025 14.979058 0.015211
2459811.547969 15.027506 0.015885
2459811.554914 14.957716 0.014925
2459811.561858 15.007196 0.015603
2459811.568802 15.015779 0.015752
2459811.575747 15.002589 0.015542
2459811.582691 15.019687 0.015784
2459811.589635 15.028012 0.015902
2459811.596580 14.999208 0.015494
2459811.603524 15.013130 0.015689
2459811.610468 15.006317 0.015616
2459811.617413 14.972113 0.015156
2459811.624357 14.961725 0.014993
2459811.631302 14.967070 0.015061
2459811.638246 14.964560 0.015033
2459811.645190 14.938622 0.014708
2459811.652135 14.940311 0.014701
2459811.659079 14.934334 0.014656
2459811.666023 14.941394 0.014719
2459811.672968 14.942520 0.014736
2459811.679912 14.925855 0.014506
2459811.686856 14.932917 0.014603
2459811.693801 14.919159 0.014423
2459811.700745 14.939354 0.014682
2459811.707689 14.938594 0.014678
2459811.714634 14.933805 0.014621
2459811.721578 14.913633 0.014351
2459811.728522 14.944487 0.014784
2459811.735467 14.940691 0.014715
2459811.742411 14.944629 0.014759
2459811.749355 14.967887 0.015063
2459811.756300 14.955660 0.014901
2459811.763244 14.949826 0.014829
2459811.770188 14.931866 0.014618
2459811.777133 14.960921 0.014969
2459811.784077 14.928726 0.014544
2459811.791021 14.927926 0.014569
2459811.797966 14.934246 0.014631
2459811.804910 14.899652 0.014182
2459811.811854 14.888351 0.014044
2459811.818799 14.915335 0.014384
2459811.825743 14.884930 0.013997
2459811.832687 14.875399 0.013900
2459811.839632 14.864010 0.013732
2459811.846576 14.872836 0.013845
2459811.853520 14.871790 0.013841
2459811.860465 14.863870 0.013755
2459811.867409 14.839008 0.013436
2459811.874353 14.836580 0.013421
2459811.881298 14.831884 0.013349
2459811.888242 14.838721 0.013438
2459811.895186 14.837324 0.013417
2459811.902131 14.806502 0.013056
2459811.909075 14.800425 0.012979
2459811.916019 14.823359 0.013254
2459811.922964 14.810783 0.013102
2459811.929908 14.806196 0.013041
2459811.936852 14.824391 0.013261
2459811.943797 14.829332 0.013352
2459811.950741 14.788048 0.012839
2459811.957685 14.830441 0.013332
2459811.964630 14.795245 0.012937
2459811.971574 14.814966 0.013161
2459811.978518 14.813203 0.013155
2459811.985463 14.818082 0.013186
2459811.992407 14.797053 0.012941
2459811.999351 14.778274 0.012733
2459812.006296 14.789722 0.012859
2459812.013240 14.760632 0.012533
2459812.020184 14.711719 0.011996
2459812.027129 14.718002 0.012113
2459812.034073 14.714791 0.012034
2459812.041017 14.704956 0.011948
2459812.047962 14.701264 0.011917
2459812.054906 14.712482 0.012022
2459812.061850 14.710772 0.011999
2459812.068795 14.706729 0.011978
2459812.075739 14.707616 0.011964
2459812.082683 14.711092 0.011996
2459812.089628 14.710068 0.011979
2459812.096572 14.698481 0.011861
2459812.103516 14.732794 0.012237
2459812.110461 14.723331 0.012133
2459812.117405 14.708221 0.011967
2459812.124349 14.727625 0.012170
2459812.131294 14.705832 0.011958
2459812.138238 14.730655 0.012208
2459812.145182 14.711872 0.011998
2459812.152127 14.722826 0.012153
2459812.159071 14.702010 0.011923
2459812.166015 14.698004 0.011864
2459812.172960 14.701682 0.011894
2459812.179904 14.703077 0.011917
2459812.186848 14.667665 0.011553
2459812.193793 14.685539 0.011731
2459812.200737 14.659355 0.011463
2459812.207681 14.657047 0.011443
2459812.214626 14.634717 0.011213
2459812.221570 14.648306 0.011355
2459812.228514 14.622972 0.011104
2459812.235459 14.606113 0.010940
2459812.242403 14.607231 0.010967
2459812.249347 14.606194 0.010954
2459812.256292 14.597069 0.010860
2459812.263236 14.577407 0.010674
2459812.270180 14.601889 0.010896
2459812.277125 14.601065 0.010896
2459812.284069 14.588648 0.010771
2459812.291013 14.592172 0.010800
2459812.297958 14.603098 0.010928
2459812.304902 14.615591 0.011034
2459812.311846 14.618952 0.011065
2459812.318791 14.629169 0.011163
2459812.325735 14.650990 0.011381
2459812.332679 14.633149 0.011206
2459812.339624 14.649999 0.011381
2459812.346568 14.631059 0.011180
2459812.353512 14.614620 0.011026
2459812.360457 14.630693 0.011201
2459812.367401 14.616274 0.011035
2459812.374345 14.614877 0.011032
2459812.381290 14.615310 0.011025
2459812.388234 14.597798 0.010857
2459812.395178 14.587465 0.010758
2459812.402123 14.608040 0.010960
2459812.409067 14.579103 0.010687
2459812.416011 14.599190 0.010893
2459812.422956 14.601707 0.010904
2459812.429900 14.583019 0.010718
2459812.436844 14.596308 0.010846
2459812.443789 14.597567 0.010855
2459812.450733 14.611206 0.010988
2459812.457677 14.616413 0.011043
2459812.464622 14.604090 0.010956
2459812.471566 14.595541 0.010839
2459812.478510 14.604548 0.010935
2459812.485455 14.616642 0.011045
2459812.492399 14.598090 0.010878
2459812.499343 14.592849 0.010810
2459812.506288 14.601272 0.010917
2459812.513232 14.621969 0.011096
2459812.520176 14.617639 0.011053
2459812.527121 14.637852 0.011256
2459812.534065 14.607894 0.010960
2459812.541009 14.627105 0.011143
2459812.547954 14.626116 0.011136
2459812.554898 14.641924 0.011291
2459812.561842 14.619370 0.011070
2459812.568787 14.628972 0.011164
2459812.575731 14.621663 0.011091
2459812.582675 14.613615 0.011024
2459812.589620 14.583483 0.010727
2459812.596564 14.600260 0.010883
2459812.603508 14.585674 0.010745
2459812.610453 14.579837 0.010697
2459812.617397 14.605365 0.010934
2459812.624341 14.605455 0.010947
2459812.631286 14.615454 0.011030
2459812.638230 14.631221 0.011197
2459812.645174 14.630348 0.011201
2459812.652119 14.619615 0.011069
2459812.659063 14.626845 0.011152
2459812.666007 14.637519 0.011247
2459812.672952 14.623883 0.011137
2459812.679896 14.630814 0.011191
2459812.686840 14.602736 0.010914
2459812.693785 14.603861 0.010923
2459812.700729 14.607544 0.010969
2459812.707673 14.608387 0.010971
2459812.714618 14.585031 0.010751
2459812.721562 14.598755 0.010882
2459812.728506 14.596603 0.010852
2459812.735451 14.574883 0.010648
2459812.742395 14.588425 0.010785
2459812.749339 14.570195 0.010609
2459812.756284 14.587292 0.010779
2459812.763228 14.578320 0.010693
2459812.770172 14.588013 0.010805
2459812.777117 14.595633 0.010861
2459812.784061 14.592876 0.010834
2459812.791005 14.605371 0.010961
2459812.797950 14.600880 0.010924
2459812.804894 14.598864 0.010908
2459812.811838 14.569657 0.010628
2459812.818783 14.591966 0.010850
2459812.825727 14.580586 0.010756
2459812.832671 14.585865 0.010790
2459812.839616 14.596581 0.010885
2459812.846560 14.574627 0.010683
2459812.853504 14.565313 0.010602
2459812.860449 14.569335 0.010678
2459812.867393 14.579849 0.010731
2459812.874337 14.580164 0.010763
2459812.881282 14.583326 0.010785
2459812.888226 14.589962 0.010839
2459812.895170 14.593825 0.010884
2459812.902115 14.593561 0.010893
2459812.909059 14.606948 0.010998
2459812.916003 14.588722 0.010826
2459812.922947 14.597113 0.010923
2459812.929892 14.567198 0.010638
2459812.936836 14.589228 0.010837
2459812.943780 14.585379 0.010800
2459812.950725 14.591318 0.010864
2459812.957669 14.606215 0.010991
2459812.964613 14.604136 0.010996
2459812.971558 14.609486 0.011034
2459812.978502 14.611905 0.011054
2459812.985446 14.594697 0.010878
2459812.992391 14.624360 0.011173
2459812.999335 14.614176 0.011074
2459813.006279 14.613941 0.011076
2459813.013224 14.606604 0.011008
2459813.020168 14.601601 0.010954
2459813.027112 14.626746 0.011207
2459813.034057 14.612411 0.011070
2459813.041001 14.608406 0.011052
2459813.047945 14.578609 0.010749
2459813.054890 14.577545 0.010741
2459813.061834 14.600675 0.010963
2459813.068778 14.590077 0.010871
2459813.075723 14.574856 0.010720
2459813.082667 14.580484 0.010790
2459813.089611 14.574195 0.010719
2459813.096556 14.575132 0.010728
2459813.103500 14.577291 0.010751
2459813.110444 14.554323 0.010529
2459813.117389 14.565482 0.010647
2459813.124333 14.551689 0.010514
2459813.131277 14.558710 0.010591
2459813.138222 14.571989 0.010705
2459813.145166 14.535639 0.010398
2459813.152110 14.533557 0.010350
2459813.159055 14.530254 0.010316
2459813.165999 14.535985 0.010370
2459813.172943 14.544697 0.010479
2459813.179888 14.534657 0.010357
2459813.186832 14.561938 0.010612
2459813.193776 14.526251 0.010281
2459813.200721 14.537918 0.010404
2459813.207665 14.527954 0.010297
2459813.214609 14.553602 0.010562
2459813.221554 14.514693 0.010179
2459813.228498 14.529352 0.010333
2459813.235442 14.512594 0.010162
2459813.242387 14.503315 0.010078
2459813.249331 14.481613 0.009906
2459813.256275 14.514585 0.010176
2459813.263220 14.498678 0.010047
2459813.270164 14.493607 0.010001
2459813.277108 14.502974 0.010075
2459813.284053 14.486949 0.009932
2459813.290997 14.468370 0.009773
2459813.297941 14.475286 0.009834
2459813.304886 14.478038 0.009878
2459813.311830 14.468198 0.009795
2459813.318774 14.476189 0.009853
2459813.325719 14.472851 0.009838
2459813.332663 14.468225 0.009784
2459813.339607 14.475365 0.009849
2459813.346552 14.475054 0.009842
2459813.353496 14.503632 0.010091
2459813.360440 14.501075 0.010077
2459813.367385 14.509739 0.010188
2459813.374329 14.488333 0.009965
2459813.381273 14.511981 0.010172
2459813.388218 14.525551 0.010295
2459813.395162 14.509441 0.010151
2459813.402106 14.484117 0.009922
2459813.409051 14.507752 0.010140
2459813.415995 14.509850 0.010159
2459813.422939 14.505226 0.010131
2459813.429884 14.463848 0.009762
2459813.436828 14.470072 0.009810
2459813.443772 14.472900 0.009841
2459813.450717 14.443413 0.009588
2459813.457661 14.438458 0.009570
2459813.464605 14.440723 0.009590
2459813.471550 14.429474 0.009488
2459813.478494 14.444431 0.009602
2459813.485438 14.439195 0.009558
2459813.492383 14.455108 0.009696
2459813.499327 14.456640 0.009709
2459813.506271 14.447433 0.009637
2459813.513216 14.454428 0.009720
2459813.520160 14.462191 0.009767
2459813.527104 14.472743 0.009864
2459813.534049 14.493120 0.010043
2459813.540993 14.490694 0.010022
2459813.547937 14.472708 0.009864
2459813.554882 14.465658 0.009815
2459813.561826 14.470078 0.009850
2459813.568770 14.471045 0.009853
2459813.575715 14.495161 0.010070
2459813.582659 14.488339 0.010012
2459813.589603 14.490145 0.010040
2459813.596548 14.491238 0.010042
2459813.603492 14.469184 0.009856
2459813.610436 14.473003 0.009882
2459813.617380 14.468143 0.009862
2459813.624325 14.464651 0.009820
2459813.631269 14.453834 0.009722
2459813.638213 14.441867 0.009622
2459813.645158 14.444768 0.009647
2459813.652102 14.439448 0.009605
2459813.659046 14.429344 0.009517
2459813.665991 14.449405 0.009703
2459813.672935 14.443001 0.009642
2459813.679879 14.417347 0.009429
2459813.686824 14.433859 0.009550
2459813.693768 14.431620 0.009542
2459813.700712 14.444007 0.009635
2459813.707657 14.443615 0.009629
2459813.714601 14.452652 0.009728
2459813.721545 14.455720 0.009750
2459813.728490 14.426798 0.009488
2459813.735434 14.449634 0.009687
2459813.742378 14.433691 0.009545
2459813.749323 14.429094 0.009513
2459813.756267 14.450541 0.009694
2459813.763211 14.448657 0.009675
2459813.770156 14.456338 0.009747
2459813.777100 14.441633 0.009620
2459813.784044 14.446812 0.009685
2459813.790989 14.436260 0.009586
2459813.797933 14.431683 0.009558
2459813.804877 14.431759 0.009552
2459813.811822 14.412288 0.009387
2459813.818766 14.394133 0.009245
2459813.825710 14.384700 0.009175
2459813.832655 14.411444 0.009387
2459813.839599 14.399656 0.009297
2459813.846543 14.403252 0.009339
2459813.853488 14.403479 0.009327
2459813.860432 14.414104 0.009430
2459813.867376 14.411678 0.009402
2459813.874321 14.432360 0.009571
2459813.881265 14.424746 0.009505
2459813.888209 14.436933 0.009609
2459813.895154 14.435839 0.009593
2459813.902098 14.427771 0.009528
2459813.909042 14.425241 0.009504
2459813.915987 14.426567 0.009512
2459813.922931 14.453395 0.009737
2459813.929875 14.444985 0.009666
2459813.936820 14.433166 0.009561
2459813.943764 14.431135 0.009553
2459813.950708 14.432417 0.009554
2459813.957653 14.427580 0.009510
2459813.964597 14.412286 0.009390
2459813.971541 14.403141 0.009309
2459813.978486 14.425382 0.009504
2459813.985430 14.404169 0.009322
2459813.992374 14.405658 0.009350
2459813.999319 14.403088 0.009316
2459814.006263 14.396526 0.009270
2459814.013207 14.400455 0.009305
2459814.020152 14.372391 0.009093
2459814.027096 14.361048 0.009007
2459814.034040 14.357390 0.008968
2459814.040985 14.360748 0.008997
2459814.047929 14.389906 0.009238
2459814.054873 14.386655 0.009223
2459814.061818 14.402463 0.009340
2459814.068762 14.399494 0.009320
2459814.075706 14.409433 0.009410
2459814.082651 14.402584 0.009346
2459814.089595 14.409801 0.009408
2459814.096539 14.400875 0.009351
2459814.103484 14.406448 0.009384
2459814.110428 14.401020 0.009341
2459814.117372 14.401440 0.009345
2459814.124316 14.411129 0.009426
2459814.131261 14.404770 0.009371
2459814.138205 14.403141 0.009359
2459814.145149 14.383847 0.009200
2459814.152094 14.384702 0.009214
2459814.159038 14.386911 0.009217
2459814.165982 14.374870 0.009142
2459814.172927 14.394074 0.009278
2459814.179871 14.382257 0.009179
2459814.186815 14.383485 0.009187
2459814.193760 14.394020 0.009273
2459814.200704 14.365083 0.009038
2459814.207648 14.356100 0.008964
2459814.214593 14.372315 0.009096
2459814.221537 14.371747 0.009096
2459814.228481 14.350060 0.008910
2459814.235426 14.378411 0.009160
2459814.242370 14.373724 0.009095
2459814.249314 14.386031 0.009196
2459814.256259 14.377441 0.009126
2459814.263203 14.395906 0.009267
2459814.270147 14.390797 0.009228
2459814.277092 14.387826 0.009218
2459814.284036 14.379524 0.009145
2459814.290980 14.375576 0.009107
2459814.297925 14.388096 0.009206
2459814.304869 14.381584 0.009147
2459814.311813 14.379847 0.009151
2459814.318758 14.375456 0.009097
2459814.325702 14.379498 0.009132
2459814.332646 14.379415 0.009133
2459814.339591 14.384336 0.009178
2459814.346535 14.357514 0.008968
2459814.353479 14.360617 0.008991
2459814.360424 14.351752 0.008925
2459814.367368 14.363760 0.009018
2459814.374312 14.351456 0.008927
2459814.381257 14.361996 0.009009
2459814.388201 14.347185 0.008895
2459814.395145 14.352415 0.008938
2459814.402090 14.327909 0.008751
2459814.409034 14.317346 0.008673
2459814.415978 14.309267 0.008613
2459814.422923 14.311327 0.008631
2459814.429867 14.321630 0.008713
2459814.436811 14.319266 0.008711
2459814.443756 14.330636 0.008787
2459814.450700 14.323185 0.008727
2459814.457644 14.330525 0.008806
2459814.464589 14.320141 0.008710
2459814.471533 14.326144 0.008751
2459814.478477 14.313856 0.008659
2459814.485422 14.313189 0.008656
2459814.492366 14.322636 0.008738
2459814.499310 14.305166 0.008597
2459814.506255 14.302764 0.008589
2459814.513199 14.310101 0.008649
2459814.520143 14.305826 0.008614
2459814.527088 14.281683 0.008454
2459814.534032 14.286384 0.008482
2459814.540976 14.293118 0.008549
2459814.547920 14.266899 0.008358
2459814.554865 14.261721 0.008311
2459814.561809 14.279322 0.008440
2459814.568753 14.268948 0.008367
2459814.575698 14.270499 0.008382
2459814.582642 14.264431 0.008339
2459814.589586 14.260857 0.008313
2459814.596531 14.260148 0.008311
2459814.603475 14.257727 0.008292
2459814.610419 14.252824 0.008255
2459814.617364 14.270817 0.008398
2459814.624308 14.277004 0.008430
2459814.631252 14.295563 0.008571
2459814.638197 14.276152 0.008419
2459814.645141 14.273338 0.008403
2459814.652085 14.275394 0.008411
2459814.659030 14.269777 0.008370
2459814.665974 14.272293 0.008386
2459814.672918 14.269812 0.008368
2459814.679863 14.275908 0.008411
2459814.686807 14.265581 0.008328
2459814.693751 14.261893 0.008303
2459814.700696 14.278106 0.008418
2459814.707640 14.254169 0.008247
2459814.714584 14.260143 0.008293
2459814.721529 14.253416 0.008237
2459814.728473 14.252175 0.008229
2459814.735417 14.258665 0.008278
2459814.742362 14.238316 0.008132
2459814.749306 14.258955 0.008285
2459814.756250 14.247306 0.008196
2459814.763195 14.247835 0.008206
2459814.770139 14.236013 0.008139
2459814.777083 14.242302 0.008188
2459814.784028 14.239469 0.008154
2459814.790972 14.246341 0.008208
2459814.797916 14.253641 0.008281
2459814.804861 14.259251 0.008309
2459814.811805 14.269080 0.008384
2459814.818749 14.261811 0.008332
2459814.825694 14.271981 0.008428
2459814.832638 14.261158 0.008335
2459814.839582 14.297074 0.008608
2459814.846527 14.274776 0.008458
2459814.853471 14.293049 0.008584
2459814.860415 14.290500 0.008563
2459814.867360 14.293423 0.008585
2459814.874304 14.279395 0.008479
2459814.881248 14.273756 0.008432
2459814.888193 14.260262 0.008352
2459814.895137 14.271546 0.008415
2459814.902081 14.265988 0.008372
2459814.909026 14.259291 0.008325
2459814.915970 14.254866 0.008288
2459814.922914 14.245088 0.008218
2459814.929858 14.256071 0.008303
2459814.936803 14.264118 0.008343
2459814.943747 14.259605 0.008307
2459814.950691 14.266230 0.008353
2459814.957636 14.276791 0.008426
2459814.964580 14.284538 0.008478
2459814.971524 14.279300 0.008438
2459814.978469 14.286849 0.008500
2459814.985413 14.294714 0.008550
2459814.992357 14.311551 0.008677
2459814.999302 14.310594 0.008667
2459815.006246 14.292870 0.008534
2459815.013190 14.285103 0.008482
2459815.020135 14.305004 0.008636
2459815.027079 14.295661 0.008576
2459815.034023 14.269484 0.008381
2459815.040968 14.271313 0.008402
2459815.047912 14.254831 0.008279
2459815.054856 14.256658 0.008295
2459815.061801 14.237630 0.008165
2459815.068745 14.233866 0.008144
2459815.075689 14.238728 0.008182
2459815.082634 14.229105 0.008113
2459815.089578 14.214504 0.008015
2459815.096522 14.225623 0.008095
2459815.103467 14.207663 0.007967
2459815.110411 14.207292 0.007970
2459815.117355 14.212992 0.008017
2459815.124300 14.217375 0.008045
2459815.131244 14.204559 0.007951
2459815.138188 14.207680 0.007977
2459815.145133 14.219744 0.008072
2459815.152077 14.209286 0.007987
2459815.159021 14.235058 0.008162
2459815.165966 14.222307 0.008080
2459815.172910 14.232571 0.008148
2459815.179854 14.219761 0.008054
2459815.186799 14.224094 0.008081
2459815.193743 14.212193 0.007992
2459815.200687 14.225430 0.008082
2459815.207632 14.225474 0.008085
2459815.214576 14.209149 0.007962
2459815.221520 14.207161 0.007945
2459815.228465 14.193928 0.007854
2459815.235409 14.199646 0.007899
2459815.242353 14.191938 0.007845
2459815.249298 14.195982 0.007859
2459815.256242 14.184505 0.007781
2459815.263186 14.181737 0.007765
2459815.270130 14.167372 0.007658
2459815.277075 14.182281 0.007753
2459815.284019 14.182250 0.007752
2459815.290963 14.162588 0.007627
2459815.297908 14.167090 0.007651
2459815.304852 14.181166 0.007742
2459815.311796 14.177917 0.007711
2459815.318741 14.179068 0.007723
2459815.325685 14.175296 0.007700
2459815.332629 14.185027 0.007762
2459815.339574 14.182695 0.007751
2459815.346518 14.180908 0.007743
2459815.353462 14.194151 0.007829
2459815.360407 14.194178 0.007837
2459815.367351 14.193954 0.007834
2459815.374295 14.207582 0.007931
2459815.381240 14.222388 0.008031
2459815.388184 14.205343 0.007918
2459815.395128 14.224563 0.008049
2459815.402073 14.208700 0.007943
2459815.409017 14.207933 0.007960
2459815.415961 14.212934 0.007978
2459815.422906 14.205537 0.007929
2459815.429850 14.189344 0.007825
2459815.436794 14.178917 0.007761
2459815.443739 14.183982 0.007791
2459815.450683 14.182507 0.007790
2459815.457627 14.175795 0.007748
2459815.464572 14.177889 0.007764
2459815.471516 14.192474 0.007867
2459815.478460 14.199920 0.007941
2459815.485405 14.217537 0.008040
2459815.492349 14.191292 0.007863
2459815.499293 14.201233 0.007931
2459815.506238 14.205349 0.007965
2459815.513182 14.211171 0.008010
2459815.520126 14.211430 0.008015
2459815.527071 14.213991 0.008038
2459815.534015 14.219296 0.008073
2459815.540959 14.209959 0.008013
2459815.547904 14.229405 0.008150
2459815.554848 14.232017 0.008172
2459815.561792 14.210104 0.008023
2459815.568737 14.207844 0.008009
2459815.575681 14.184069 0.007852
2459815.582625 14.176632 0.007799
2459815.589569 14.185125 0.007859
2459815.596514 14.174908 0.007790
2459815.603458 14.177600 0.007817
2459815.610402 14.161880 0.007725
2459815.617347 14.155781 0.007666
2459815.624291 14.150887 0.007634
2459815.631235 14.144382 0.007596
2459815.638180 14.143138 0.007588
2459815.645124 14.142210 0.007580
2459815.652068 14.135942 0.007537
2459815.659013 14.133982 0.007521
2459815.665957 14.127989 0.007480
2459815.672901 14.130320 0.007500
2459815.679846 14.138453 0.007565
2459815.686790 14.132208 0.007518
2459815.693734 14.141273 0.007566
2459815.700679 14.154755 0.007660
2459815.707623 14.153519 0.007650
2459815.714567 14.132608 0.007528
2459815.721512 14.147491 0.007610
2459815.728456 14.156549 0.007671
2459815.735400 14.160422 0.007697
2459815.742345 14.148724 0.007620
2459815.749289 14.177973 0.007817
2459815.756233 14.162361 0.007713
2459815.763178 14.162016 0.007706
2459815.770122 14.149355 0.007627
2459815.777066 14.144245 0.007603
2459815.784011 14.155658 0.007672
2459815.790955 14.126222 0.007495
2459815.797899 14.151033 0.007654
2459815.804844 14.125189 0.007489
2459815.811788 14.109522 0.007390
2459815.818732 14.115033 0.007432
2459815.825677 14.102098 0.007346
2459815.832621 14.111555 0.007416
2459815.839565 14.084867 0.007254
2459815.846510 14.082548 0.007235
2459815.853454 14.092664 0.007316
2459815.860398 14.098031 0.007346
2459815.867343 14.099792 0.007348
2459815.874287 14.092017 0.007304
2459815.881231 14.099915 0.007353
2459815.888175 14.112996 0.007431
2459815.895120 14.110641 0.007415
2459815.902064 14.124424 0.007495
2459815.909008 14.112808 0.007431
2459815.915953 14.122223 0.007479
2459815.922897 14.124798 0.007486
2459815.929841 14.124278 0.007480
2459815.936786 14.123940 0.007474
2459815.943730 14.092079 0.007266
2459815.950674 14.102346 0.007342
2459815.957619 14.105659 0.007348
2459815.964563 14.103765 0.007333
2459815.971507 14.098462 0.007299
2459815.978452 14.089250 0.007234
2459815.985396 14.093019 0.007254
2459815.992340 14.082617 0.007188
2459815.999285 14.094046 0.007259
2459816.006229 14.083061 0.007189
2459816.013173 14.082748 0.007201
2459816.020118 14.089376 0.007239
2459816.027062 14.090288 0.007246
2459816.034006 14.090684 0.007259
2459816.040951 14.087019 0.007218
2459816.047895 14.084198 0.007208
2459816.054839 14.081610 0.007195
2459816.061784 14.081760 0.007194
2459816.068728 14.073023 0.007141
2459816.075672 14.066417 0.007109
2459816.082617 14.081272 0.007202
2459816.089561 14.077242 0.007178
2459816.096505 14.073780 0.007163
2459816.103450 14.087141 0.007247
2459816.110394 14.092951 0.007298
2459816.117338 14.093494 0.007291
2459816.124283 14.090561 0.007273
2459816.131227 14.096954 0.007315
2459816.138171 14.096014 0.007313
2459816.145116 14.078979 0.007209
2459816.152060 14.085878 0.007247
2459816.159004 14.079331 0.007202
2459816.165948 14.075720 0.007184
2459816.172893 14.056662 0.007059
2459816.179837 14.075207 0.007174
2459816.186781 14.067513 0.007123
2459816.193726 14.065224 0.007105
2459816.200670 14.054481 0.007038
2459816.207614 14.060888 0.007073
2459816.214559 14.059680 0.007055
2459816.221503 14.064381 0.007091
2459816.228447 14.063047 0.007068
2459816.235392 14.081594 0.007180
2459816.242336 14.077181 0.007153
2459816.249280 14.080700 0.007168
2459816.256225 14.080399 0.007167
2459816.263169 14.102547 0.007300
2459816.270113 14.099190 0.007279
2459816.277058 14.101012 0.007286
2459816.284002 14.123801 0.007432
2459816.290946 14.108576 0.007328
2459816.297891 14.106805 0.007326
2459816.304835 14.113235 0.007354
2459816.311779 14.091248 0.007214
2459816.318724 14.088702 0.007208
2459816.325668 14.083126 0.007159
2459816.332612 14.079027 0.007134
2459816.339557 14.068146 0.007075
2459816.346501 14.055216 0.006998
2459816.353445 14.059864 0.007019
2459816.360390 14.050341 0.006977
2459816.367334 14.059666 0.007028
2459816.374278 14.045287 0.006943
2459816.381223 14.044078 0.006933
2459816.388167 14.041084 0.006922
2459816.395111 14.046515 0.006962
2459816.402056 14.034393 0.006879
2459816.409000 14.037875 0.006904
2459816.415944 14.052963 0.007001
2459816.422888 14.049471 0.006981
2459816.429833 14.061445 0.007049
2459816.436777 14.053867 0.007005
2459816.443721 14.066309 0.007082
2459816.450666 14.064099 0.007084
2459816.457610 14.064114 0.007075
2459816.464554 14.061539 0.007067
2459816.471499 14.056288 0.007049
2459816.478443 14.051641 0.007018
2459816.485387 14.056535 0.007047
2459816.492332 14.053359 0.007031
2459816.499276 14.056967 0.007058
2459816.506220 14.047171 0.007013
2459816.513165 14.043806 0.006986
2459816.520109 14.017504 0.006842
2459816.527053 14.032548 0.006928
2459816.533998 14.029243 0.006918
2459816.540942 14.032006 0.006937
2459816.547886 14.029657 0.006941
2459816.554831 14.016989 0.006850
2459816.561775 14.014714 0.006845
2459816.568719 14.027327 0.006925
2459816.575664 14.022335 0.006899
2459816.582608 14.028345 0.006934
2459816.589552 14.025549 0.006932
2459816.596497 14.029774 0.006948
2459816.603441 14.036511 0.006991
2459816.610385 14.040694 0.007019
2459816.617330 14.030441 0.006970
2459816.624274 14.039072 0.007008
2459816.631218 14.026894 0.006937
2459816.638163 14.027590 0.006941
2459816.645107 14.022530 0.006915
2459816.652051 14.028467 0.006952
2459816.658995 14.016996 0.006881
2459816.665940 14.020781 0.006906
2459816.672884 14.008175 0.006829
2459816.679828 14.029335 0.006962
2459816.686773 14.012116 0.006850
2459816.693717 14.018211 0.006887
2459816.700661 14.021203 0.006901
2459816.707606 14.017509 0.006879
2459816.714550 14.011772 0.006846
2459816.721494 14.004082 0.006796
2459816.728439 14.002809 0.006788
2459816.735383 14.021284 0.006899
2459816.742327 14.008680 0.006826
2459816.749272 14.008705 0.006838
2459816.756216 13.997358 0.006762
2459816.763160 14.006014 0.006818
2459816.770105 14.003699 0.006795
2459816.777049 14.026637 0.006932
2459816.783993 14.004982 0.006807
2459816.790938 14.007344 0.006822
2459816.797882 14.012518 0.006864
2459816.804826 14.015800 0.006877
2459816.811771 14.004470 0.006814
2459816.818715 14.015559 0.006885
2459816.825659 14.005963 0.006831
2459816.832604 14.001521 0.006806
2459816.839548 14.019855 0.006931
2459816.846492 14.008823 0.006857
2459816.853437 13.992902 0.006766
2459816.860381 13.995847 0.006785
2459816.867325 13.998661 0.006803
2459816.874270 13.984321 0.006719
2459816.881214 13.988647 0.006746
2459816.888158 13.985639 0.006735
2459816.895102 13.995239 0.006791
2459816.902047 13.986581 0.006725
2459816.908991 13.985929 0.006735
2459816.915935 13.986935 0.006729
2459816.922880 13.986145 0.006711
2459816.929824 13.988022 0.006712
2459816.936768 13.990483 0.006730
2459816.943713 14.007773 0.006822
2459816.950657 14.006397 0.006807
2459816.957601 14.010177 0.006827
2459816.964546 14.014469 0.006845
2459816.971490 14.007593 0.006798
2459816.978434 14.022015 0.006876
2459816.985379 14.014448 0.006836
2459816.992323 14.024369 0.006891
2459816.999267 14.027685 0.006906
2459817.006212 14.017470 0.006844
2459817.013156 14.008414 0.006795
2459817.020100 14.006804 0.006784
2459817.027045 14.000711 0.006762
2459817.033989 14.009389 0.006807
2459817.040933 13.991003 0.006697
2459817.047878 14.002460 0.006767
2459817.054822 13.987280 0.006682
2459817.061766 13.991064 0.006706
2459817.068711 13.986578 0.006682
2459817.075655 13.993487 0.006729
2459817.082599 13.984296 0.006677
2459817.089544 13.988512 0.006708
2459817.096488 13.987984 0.006708
2459817.103432 13.996068 0.006757
2459817.110377 13.994219 0.006749
2459817.117321 13.990932 0.006731
2459817.124265 13.999484 0.006787
2459817.131209 13.992851 0.006748
2459817.138154 13.990775 0.006753
2459817.145098 13.989943 0.006749
2459817.152042 14.004573 0.006819
2459817.158987 14.008121 0.006843
2459817.165931 14.002172 0.006806
2459817.172875 14.007413 0.006833
2459817.179820 14.010862 0.006853
2459817.186764 14.003447 0.006822
2459817.193708 13.998805 0.006776
2459817.200653 13.983313 0.006685
2459817.207597 13.973570 0.006636
2459817.214541 13.985694 0.006693
2459817.221486 13.970446 0.006599
2459817.228430 13.959545 0.006534
2459817.235374 13.961142 0.006536
2459817.242319 13.967085 0.006569
2459817.249263 13.946859 0.006454
2459817.256207 13.953829 0.006486
2459817.263152 13.944950 0.006441
2459817.270096 13.948307 0.006450
2459817.277040 13.942269 0.006413
2459817.283985 13.945478 0.006432
2459817.290929 13.929004 0.006347
2459817.297873 13.947824 0.006435
2459817.304818 13.937870 0.006375
2459817.311762 13.941891 0.006395
2459817.318706 13.933276 0.006353
2459817.325651 13.940013 0.006383
2459817.332595 13.945753 0.006414
2459817.339539 13.942789 0.006394
2459817.346483 13.947431 0.006416
2459817.353428 13.952875 0.006446
2459817.360372 13.948285 0.006423
2459817.367316 13.941247 0.006388
2459817.374261 13.940052 0.006374
2459817.381205 13.928570 0.006315
2459817.388149 13.939059 0.006374
2459817.395094 13.938025 0.006371
2459817.402038 13.937920 0.006370
2459817.408982 13.942422 0.006401
2459817.415927 13.927788 0.006323
2459817.422871 13.930487 0.006359
2459817.429815 13.941619 0.006407
2459817.436760 13.937859 0.006384
2459817.443704 13.928789 0.006347
2459817.450648 13.937412 0.006395
2459817.457593 13.947158 0.006448
2459817.464537 13.940932 0.006420
2459817.471481 13.932683 0.006371
2459817.478426 13.943480 0.006437
2459817.485370 13.958813 0.006526
2459817.492314 13.955072 0.006509
2459817.499259 13.952591 0.006502
2459817.506203 13.976963 0.006648
2459817.513147 13.968230 0.006602
2459817.520092 13.971889 0.006626
2459817.527036 13.979572 0.006692
2459817.533980 13.974233 0.006656
2459817.540924 13.957188 0.006566
2459817.575646 13.938177 0.006489
2459817.582590 13.930696 0.006452
2459817.589535 13.929660 0.006464
2459817.596479 13.920364 0.006413
2459817.603423 13.912766 0.006365
2459817.610368 13.932137 0.006470
2459817.617312 13.916577 0.006388
2459817.624256 13.929156 0.006460
2459817.631201 13.925276 0.006439
2459817.638145 13.925254 0.006438
2459817.645089 13.924929 0.006438
2459817.652034 13.936386 0.006510
2459817.658978 13.914536 0.006384
2459817.665922 13.931630 0.006486
2459817.672867 13.929537 0.006468
2459817.679811 13.934841 0.006497
2459817.686755 13.943521 0.006536
2459817.693700 13.935001 0.006496
2459817.700644 13.951197 0.006581
2459817.707588 13.964155 0.006659
2459817.714533 13.948063 0.006558
2459817.721477 13.948772 0.006565
2459817.728421 13.958535 0.006615
2459817.735366 13.946157 0.006545
2459817.742310 13.934764 0.006480
2459817.749254 13.939467 0.006509
2459817.756198 13.920389 0.006401
2459817.763143 13.912033 0.006358
2459817.770087 13.907290 0.006331
2459817.777031 13.907379 0.006345
2459817.783976 13.917965 0.006394
2459817.790920 13.908294 0.006339
2459817.797864 13.890036 0.006252
2459817.804809 13.898195 0.006295
2459817.811753 13.901094 0.006305
2459817.818697 13.896662 0.006297
2459817.825642 13.878901 0.006193
2459817.832586 13.902397 0.006325
2459817.839530 13.903178 0.006333
2459817.846475 13.904162 0.006337
2459817.853419 13.913929 0.006398
2459817.860363 13.921162 0.006435
2459817.867308 13.913727 0.006396
2459817.874252 13.915893 0.006405
2459817.881196 13.925525 0.006456
2459817.888141 13.929762 0.006479
2459817.895085 13.930408 0.006482
2459817.902029 13.925082 0.006451
2459817.908974 13.922522 0.006437
2459817.915918 13.920744 0.006422
2459817.922862 13.902096 0.006320
2459817.929807 13.912498 0.006374
2459817.936751 13.887486 0.006226
2459817.943695 13.892349 0.006250
2459817.950639 13.901604 0.006296
2459817.957584 13.877748 0.006165
2459817.964528 13.888338 0.006217
2459817.971472 13.883869 0.006189
2459817.978417 13.888248 0.006206
2459817.985361 13.873177 0.006123
2459817.992305 13.889283 0.006215
2459817.999250 13.894617 0.006239
2459818.006194 13.892982 0.006224
2459818.013138 13.878745 0.006167
2459818.020083 13.888508 0.006215
2459818.027027 13.883979 0.006182
2459818.033971 13.873829 0.006138
2459818.040916 13.892671 0.006243
2459818.047860 13.886345 0.006211
2459818.054804 13.896765 0.006259
2459818.061749 13.899023 0.006278
2459818.068693 13.898046 0.006277
2459818.075637 13.913568 0.006354
2459818.082582 13.907471 0.006335
2459818.089526 13.900255 0.006293
2459818.096470 13.897820 0.006280
2459818.103415 13.901641 0.006305
2459818.110359 13.912901 0.006382
2459818.117303 13.884110 0.006216
2459818.124248 13.888961 0.006252
2459818.131192 13.874044 0.006172
2459818.138136 13.875886 0.006194
2459818.145080 13.867697 0.006142
2459818.152025 13.871372 0.006163
2459818.158969 13.880045 0.006211
2459818.165913 13.874520 0.006186
2459818.172858 13.876602 0.006193
2459818.179802 13.867965 0.006147
2459818.186746 13.866036 0.006132
2459818.193691 13.864981 0.006125
2459818.200635 13.849482 0.006055
2459818.207579 13.848395 0.006036
2459818.214524 13.846505 0.006020
2459818.221468 13.860355 0.006100
2459818.228412 13.847902 0.006034
2459818.235357 13.856910 0.006070
2459818.242301 13.858837 0.006075
2459818.249245 13.866120 0.006111
2459818.256190 13.882318 0.006184
2459818.263134 13.877424 0.006155
2459818.270078 13.866274 0.006096
2459818.277023 13.874887 0.006142
2459818.283967 13.870773 0.006109
2459818.290911 13.876484 0.006132
2459818.297856 13.857304 0.006030
2459818.304800 13.854784 0.006013
2459818.311744 13.853559 0.006002
2459818.318688 13.861057 0.006055
2459818.325633 13.848194 0.005969
2459818.332577 13.858223 0.006015
2459818.339521 13.845922 0.005954
2459818.346466 13.856707 0.006006
2459818.353410 13.847219 0.005956
2459818.360354 13.848068 0.005960
2459818.367299 13.846012 0.005949
2459818.374243 13.843149 0.005933
2459818.381187 13.855629 0.005998
2459818.388132 13.853903 0.005988
2459818.395076 13.844740 0.005941
2459818.402020 13.849760 0.005969
2459818.408965 13.849343 0.005967
2459818.415909 13.847001 0.005962
2459818.422853 13.850065 0.005979
2459818.429798 13.844448 0.005950
2459818.436742 13.835756 0.005912
2459818.443686 13.841935 0.005946
2459818.450631 13.842752 0.005953
2459818.457575 13.839987 0.005949
2459818.464519 13.835970 0.005937
2459818.471464 13.830265 0.005908
2459818.478408 13.825838 0.005892
2459818.485352 13.823503 0.005884
2459818.492297 13.823481 0.005890
2459818.499241 13.823091 0.005895
2459818.506185 13.822216 0.005900
2459818.513129 13.823558 0.005910
2459818.520074 13.810468 0.005853
2459818.527018 13.830906 0.005962
2459818.533962 13.823168 0.005934
2459818.540907 13.816428 0.005911
2459818.547851 13.825461 0.005971
2459818.554795 13.819862 0.005944
2459818.561740 13.806381 0.005881
2459818.568684 13.807755 0.005898
2459818.575628 13.806580 0.005910
2459818.582573 13.816904 0.005955
2459818.589517 13.803658 0.005898
2459818.596461 13.810457 0.005938
2459818.603406 13.821447 0.005994
2459818.610350 13.817308 0.005976
2459818.617294 13.800539 0.005895
2459818.624239 13.815780 0.005979
2459818.631183 13.798322 0.005898
2459818.638127 13.814919 0.005982
2459818.645072 13.807698 0.005936
2459818.652016 13.810664 0.005954
2459818.658960 13.796906 0.005895
2459818.665905 13.794769 0.005868
2459818.672849 13.788723 0.005836
2459818.679793 13.789541 0.005840
2459818.686737 13.791534 0.005848
2459818.693682 13.790073 0.005839
2459818.700626 13.790836 0.005840
2459818.707570 13.796220 0.005869
2459818.714515 13.780512 0.005791
2459818.721459 13.797303 0.005868
2459818.728403 13.801240 0.005883
2459818.735348 13.796666 0.005867
2459818.742292 13.793121 0.005844
2459818.749236 13.805141 0.005908
2459818.756181 13.800455 0.005878
2459818.763125 13.815596 0.005958
2459818.770069 13.807467 0.005907
2459818.777014 13.812731 0.005943
2459818.783958 13.810757 0.005926
2459818.790902 13.804376 0.005892
2459818.797847 13.802830 0.005887
2459818.804791 13.809014 0.005919
2459818.811735 13.799724 0.005876
2459818.818680 13.793091 0.005853
2459818.825624 13.803663 0.005908
2459818.832568 13.796448 0.005865
2459818.839513 13.805554 0.005914
2459818.846457 13.791265 0.005844
2459818.853401 13.789218 0.005834
2459818.860345 13.804999 0.005918
2459818.867290 13.793694 0.005863
2459818.874234 13.799976 0.005892
2459818.881178 13.790337 0.005850
2459818.888123 13.797118 0.005880
2459818.895067 13.805053 0.005917
2459818.902011 13.798552 0.005883
2459818.908956 13.788357 0.005831
2459818.915900 13.809721 0.005948
2459818.922844 13.796850 0.005867
2459818.929789 13.800091 0.005885
2459818.936733 13.807901 0.005916
2459818.943677 13.809717 0.005918
2459818.950622 13.802050 0.005877
2459818.957566 13.807146 0.005898
2459818.964510 13.803892 0.005881
2459818.971455 13.812207 0.005915
2459818.978399 13.808804 0.005896
2459818.985343 13.806816 0.005884
2459818.992288 13.797413 0.005837
2459818.999232 13.786247 0.005781
2459819.006176 13.797016 0.005828
2459819.013120 13.782937 0.005761
2459819.020065 13.782896 0.005755
2459819.027009 13.773296 0.005707
2459819.033953 13.771770 0.005698
2459819.040898 13.784220 0.005762
2459819.047842 13.771132 0.005707
2459819.054786 13.777124 0.005736
2459819.061731 13.771004 0.005709
2459819.068675 13.767698 0.005695
2459819.075619 13.771112 0.005711
2459819.082564 13.779749 0.005760
2459819.089508 13.784173 0.005781
2459819.096452 13.788350 0.005807
2459819.103397 13.783572 0.005789
2459819.110341 13.783926 0.005790
2459819.117285 13.782418 0.005795
2459819.124230 13.789743 0.005838
2459819.131174 13.789196 0.005831
2459819.138118 13.781878 0.005796
2459819.145063 13.786030 0.005820
2459819.152007 13.777861 0.005784
2459819.158951 13.783902 0.005813
2459819.165896 13.782806 0.005810
2459819.172840 13.770292 0.005750
2459819.179784 13.771407 0.005770
2459819.186728 13.766416 0.005732
2459819.193673 13.769125 0.005743
2459819.200617 13.773207 0.005764
2459819.207561 13.767780 0.005735
2459819.214506 13.754339 0.005666
2459819.221450 13.763145 0.005702
2459819.228394 13.764830 0.005714
2459819.235339 13.759640 0.005683
2459819.242283 13.762974 0.005697
2459819.249227 13.762087 0.005678
2459819.256172 13.770873 0.005716
2459819.263116 13.756256 0.005641
2459819.270060 13.763058 0.005680
2459819.277005 13.775857 0.005725
2459819.283949 13.773297 0.005713
2459819.290893 13.779779 0.005731
2459819.297838 13.783502 0.005753
2459819.304782 13.789851 0.005772
2459819.311726 13.798174 0.005806
2459819.318671 13.788765 0.005761
2459819.325615 13.802483 0.005824
2459819.332559 13.800530 0.005809
2459819.339504 13.791688 0.005766
2459819.346448 13.792362 0.005765
2459819.353392 13.782934 0.005728
2459819.360336 13.770562 0.005657
2459819.367281 13.776286 0.005681
2459819.374225 13.762844 0.005618
2459819.381169 13.748903 0.005550
2459819.388114 13.761568 0.005610
2459819.395058 13.746280 0.005544
2459819.402002 13.749269 0.005552
2459819.408947 13.749660 0.005555
2459819.415891 13.750079 0.005570
2459819.422835 13.743328 0.005533
2459819.429780 13.741493 0.005521
2459819.436724 13.755712 0.005589
2459819.443668 13.756395 0.005598
2459819.450613 13.750742 0.005575
2459819.457557 13.765686 0.005650
2459819.464501 13.757368 0.005616
2459819.471446 13.764003 0.005653
2459819.478390 13.773226 0.005707
2459819.485334 13.774593 0.005716
2459819.492279 13.774994 0.005732
2459819.499223 13.777720 0.005742
2459819.506167 13.787298 0.005799
2459819.513111 13.776964 0.005752
2459819.520056 13.783868 0.005794
2459819.527000 13.777606 0.005783
2459819.533944 13.778997 0.005787
2459819.540889 13.764177 0.005724
2459819.547833 13.770281 0.005773
2459819.554777 13.755693 0.005701
2459819.561722 13.752254 0.005691
2459819.568666 13.747965 0.005679
2459819.575610 13.731779 0.005614
2459819.582555 13.737415 0.005651
2459819.589499 13.738760 0.005665
2459819.596443 13.735950 0.005652
2459819.603388 13.735241 0.005659
2459819.610332 13.742116 0.005688
2459819.617276 13.757504 0.005768
2459819.624221 13.743940 0.005713
2459819.631165 13.736846 0.005671
2459819.638109 13.739098 0.005684
2459819.645054 13.759656 0.005792
2459819.651998 13.754385 0.005768
2459819.658942 13.748306 0.005745
2459819.665886 13.758080 0.005788
2459819.672831 13.759239 0.005788
2459819.679775 13.756325 0.005773
2459819.686719 13.756752 0.005775
2459819.693664 13.766445 0.005826
2459819.700608 13.768682 0.005839
2459819.707552 13.766829 0.005834
2459819.714497 13.757429 0.005778
2459819.721441 13.761306 0.005801
2459819.728385 13.761849 0.005804
2459819.735330 13.743958 0.005714
2459819.742274 13.750943 0.005748
2459819.749218 13.743421 0.005714
2459819.756163 13.740232 0.005698
2459819.763107 13.721464 0.005608
2459819.770051 13.726989 0.005636
2459819.776996 13.736980 0.005685
2459819.783940 13.728823 0.005646
2459819.790884 13.738135 0.005694
2459819.797829 13.730640 0.005664
2459819.804773 13.729377 0.005651
2459819.811717 13.732371 0.005673
2459819.818661 13.739419 0.005704
2459819.825606 13.743917 0.005728
2459819.832550 13.742243 0.005719
2459819.839494 13.736501 0.005699
2459819.846439 13.750954 0.005769
2459819.853383 13.758810 0.005810
2459819.860327 13.748953 0.005759
2459819.867272 13.762726 0.005826
2459819.874216 13.762420 0.005830
2459819.881160 13.761113 0.005819
2459819.888105 13.762869 0.005834
2459819.895049 13.754007 0.005785
2459819.901993 13.765030 0.005840
2459819.908938 13.750769 0.005768
2459819.915882 13.745399 0.005745
2459819.922826 13.749345 0.005753
2459819.929771 13.744678 0.005736
2459819.936715 13.736498 0.005688
2459819.943659 13.745976 0.005736
2459819.950604 13.726738 0.005636
2459819.957548 13.729107 0.005640
2459819.964492 13.731627 0.005652
2459819.971436 13.733797 0.005659
2459819.978381 13.732088 0.005656
2459819.985325 13.728487 0.005624
2459819.992269 13.727799 0.005627
2459819.999214 13.724765 0.005611
2459820.006158 13.712069 0.005541
2459820.013102 13.724755 0.005599
2459820.020047 13.729012 0.005617
2459820.026991 13.736824 0.005657
2459820.033935 13.721880 0.005583
2459820.040880 13.735783 0.005653
2459820.047824 13.740315 0.005691
2459820.054768 13.741731 0.005683
2459820.061713 13.737720 0.005675
2459820.068657 13.726919 0.005618
2459820.075601 13.720985 0.005595
2459820.082546 13.718344 0.005586
2459820.089490 13.713295 0.005563
2459820.096434 13.703619 0.005525
2459820.103379 13.712542 0.005566
2459820.110323 13.712343 0.005572
2459820.117267 13.701180 0.005519
2459820.124211 13.700584 0.005521
2459820.131156 13.713449 0.005587
2459820.138100 13.692452 0.005498
2459820.145044 13.694901 0.005509
2459820.151989 13.691948 0.005500
2459820.158933 13.698767 0.005529
2459820.165877 13.702150 0.005548
2459820.172822 13.700729 0.005548
2459820.179766 13.698896 0.005537
2459820.186710 13.716845 0.005622
2459820.193655 13.708261 0.005579
2459820.200599 13.694007 0.005510
2459820.207543 13.703840 0.005554
2459820.214488 13.708775 0.005579
2459820.221432 13.706490 0.005567
2459820.228376 13.714264 0.005603
2459820.235321 13.712475 0.005591
2459820.242265 13.708496 0.005573
2459820.249209 13.715940 0.005595
2459820.256154 13.712402 0.005575
2459820.263098 13.691875 0.005482
2459820.270042 13.706249 0.005536
2459820.276986 13.680901 0.005417
2459820.283931 13.688037 0.005446
2459820.290875 13.686218 0.005432
2459820.297819 13.693306 0.005467
2459820.304764 13.679554 0.005390
2459820.311708 13.680141 0.005387
2459820.318652 13.679960 0.005383
2459820.325597 13.673687 0.005351
2459820.332541 13.682434 0.005389
2459820.339485 13.679012 0.005380
2459820.346430 13.678019 0.005362
2459820.353374 13.681349 0.005373
2459820.360318 13.686596 0.005396
2459820.367263 13.684947 0.005386
2459820.374207 13.693924 0.005427
2459820.381151 13.693319 0.005422
2459820.388096 13.688049 0.005402
2459820.395040 13.698248 0.005448
2459820.401984 13.696255 0.005438
2459820.408929 13.689384 0.005408
2459820.415873 13.687008 0.005397
2459820.422817 13.698856 0.005455
2459820.429761 13.699058 0.005462
2459820.436706 13.696778 0.005452
2459820.443650 13.692755 0.005443
2459820.450594 13.685531 0.005408
2459820.457539 13.671672 0.005357
2459820.464483 13.675228 0.005370
2459820.471427 13.667439 0.005339
2459820.478372 13.665039 0.005335
2459820.485316 13.658127 0.005311
2459820.492260 13.663641 0.005358
2459820.499205 13.669579 0.005374
2459820.506149 13.670602 0.005387
2459820.513093 13.671984 0.005400
2459820.520038 13.667416 0.005389
2459820.526982 13.666737 0.005396
2459820.533926 13.667611 0.005408
2459820.540871 13.670046 0.005427
2459820.547815 13.667725 0.005429
2459820.554759 13.672544 0.005466
2459820.561704 13.674123 0.005478
2459820.568648 13.672812 0.005475
2459820.575592 13.677123 0.005507
2459820.582536 13.682861 0.005540
2459820.589481 13.688412 0.005577
2459820.596425 13.684401 0.005559
2459820.603369 13.686806 0.005579
2459820.610314 13.687180 0.005594
2459820.617258 13.674244 0.005533
2459820.624202 13.681746 0.005568
2459820.631147 13.668046 0.005509
2459820.638091 13.659953 0.005474
2459820.645035 13.656836 0.005470
2459820.651980 13.657998 0.005475
2459820.658924 13.661497 0.005488
2459820.665868 13.659202 0.005483
2459820.672813 13.658798 0.005480
2459820.679757 13.645061 0.005418
2459820.686701 13.658748 0.005495
2459820.693646 13.662763 0.005501
2459820.700590 13.653196 0.005458
2459820.707534 13.661971 0.005499
2459820.714478 13.651535 0.005450
2459820.721423 13.651948 0.005457
2459820.728367 13.655457 0.005467
2459820.735311 13.652428 0.005457
2459820.742256 13.657089 0.005476
2459820.749200 13.652468 0.005456
2459820.756144 13.658817 0.005489
2459820.763089 13.653095 0.005465
2459820.770033 13.661064 0.005505
2459820.776977 13.660412 0.005503
2459820.783922 13.657454 0.005491
2459820.790866 13.659255 0.005500
2459820.797810 13.671213 0.005560
2459820.804755 13.661854 0.005519
2459820.811699 13.650759 0.005469
2459820.818643 13.647962 0.005457
2459820.825588 13.638043 0.005411
2459820.832532 13.639053 0.005416
2459820.839476 13.632366 0.005391
2459820.846421 13.628085 0.005373
2459820.853365 13.625000 0.005359
2459820.860309 13.618443 0.005330
2459820.867253 13.612211 0.005303
2459820.874198 13.618837 0.005333
2459820.881142 13.628116 0.005378
2459820.888086 13.634848 0.005406
2459820.895031 13.639228 0.005428
2459820.901975 13.645873 0.005456
2459820.908919 13.643030 0.005446
2459820.915864 13.653561 0.005493
2459820.922808 13.642411 0.005438
2459820.929752 13.640797 0.005428
2459820.936697 13.637102 0.005409
2459820.943641 13.648682 0.005459
2459820.950585 13.653584 0.005482
2459820.957530 13.644813 0.005437
2459820.964474 13.651068 0.005466
2459820.971418 13.650867 0.005458
2459820.978363 13.642518 0.005417
2459820.985307 13.636616 0.005390
2459820.992251 13.637669 0.005393
2459820.999196 13.636464 0.005387
2459821.006140 13.632250 0.005366
2459821.013084 13.616661 0.005295
2459821.020028 13.621801 0.005320
2459821.026973 13.619848 0.005311
2459821.033917 13.627483 0.005345
2459821.040861 13.627884 0.005355
2459821.047806 13.626169 0.005343
2459821.054750 13.630474 0.005364
2459821.061694 13.618552 0.005312
2459821.068639 13.618187 0.005314
2459821.075583 13.621180 0.005335
2459821.082527 13.613303 0.005296
2459821.089472 13.615979 0.005313
2459821.096416 13.619608 0.005334
2459821.103360 13.629974 0.005383
2459821.110305 13.625671 0.005367
2459821.117249 13.632587 0.005409
2459821.124193 13.630719 0.005400
2459821.131138 13.630501 0.005406
2459821.138082 13.632281 0.005421
2459821.145026 13.627027 0.005398
2459821.151970 13.631230 0.005418
2459821.158915 13.638704 0.005459
2459821.165859 13.618668 0.005367
2459821.172803 13.633242 0.005436
2459821.179748 13.609912 0.005337
2459821.186692 13.617471 0.005365
2459821.193636 13.618337 0.005371
2459821.200581 13.606543 0.005315
2459821.207525 13.607028 0.005316
2459821.214469 13.604493 0.005303
2459821.221414 13.604424 0.005301
2459821.228358 13.593095 0.005247
2459821.235302 13.613576 0.005335
2459821.242247 13.603916 0.005285
2459821.249191 13.616537 0.005340
2459821.256135 13.616586 0.005339
2459821.263080 13.603378 0.005273
2459821.270024 13.607507 0.005284
2459821.276968 13.603815 0.005257
2459821.283913 13.603157 0.005245
2459821.290857 13.609047 0.005267
2459821.297801 13.605428 0.005242
2459821.304745 13.622650 0.005315
2459821.311690 13.610075 0.005251
2459821.318634 13.607100 0.005235
2459821.325578 13.624796 0.005307
2459821.332523 13.613194 0.005246
2459821.339467 13.613192 0.005240
2459821.346411 13.608665 0.005214
2459821.353356 13.601000 0.005178
2459821.360300 13.602057 0.005176
2459821.367244 13.597000 0.005152
2459821.374189 13.588132 0.005110
2459821.381133 13.582186 0.005082
2459821.388077 13.586514 0.005095
2459821.395022 13.583740 0.005084
2459821.401966 13.584334 0.005083
2459821.408910 13.583050 0.005080
2459821.415855 13.583412 0.005081
2459821.422799 13.584118 0.005084
2459821.429743 13.575823 0.005048
2459821.436687 13.578561 0.005060
2459821.443632 13.571847 0.005036
2459821.450576 13.583044 0.005085
2459821.457520 13.578943 0.005069
2459821.464465 13.572254 0.005040
2459821.471409 13.595346 0.005148
2459821.478353 13.592572 0.005141
2459821.485298 13.597019 0.005163
2459821.492242 13.600239 0.005183
2459821.499186 13.595076 0.005170
2459821.506131 13.592270 0.005167
2459821.513075 13.595242 0.005186
2459821.520019 13.599211 0.005213
2459821.526964 13.596767 0.005212
2459821.533908 13.586421 0.005179
2459821.540852 13.594810 0.005223
2459821.547797 13.578485 0.005162
2459821.554741 13.579120 0.005178
2459821.561685 13.580362 0.005195
2459821.568629 13.572411 0.005166
2459821.575574 13.570566 0.005174
2459821.582518 13.561539 0.005135
2459821.589462 13.554938 0.005115
2459821.596407 13.570798 0.005192
2459821.603351 13.560768 0.005156
2459821.610295 13.567872 0.005201
2459821.617240 13.554419 0.005140
2459821.624184 13.562803 0.005185
2459821.631128 13.563652 0.005200
2459821.638073 13.571956 0.005236
2459821.645017 13.568307 0.005225
2459821.651961 13.574921 0.005259
2459821.658906 13.572998 0.005251
2459821.665850 13.570260 0.005236
2459821.672794 13.586849 0.005310
2459821.679739 13.578886 0.005276
2459821.686683 13.576958 0.005269
2459821.693627 13.573718 0.005256
2459821.700572 13.576469 0.005276
2459821.707516 13.577675 0.005281
2459821.714460 13.562205 0.005213
2459821.721404 13.554430 0.005180
2459821.728349 13.546827 0.005147
2459821.735293 13.547815 0.005153
2459821.742237 13.537736 0.005115
2459821.749182 13.549406 0.005161
2459821.756126 13.549291 0.005163
2459821.763070 13.545439 0.005153
2459821.770015 13.539646 0.005125
2459821.776959 13.549198 0.005168
2459821.783903 13.548729 0.005171
2459821.790848 13.547020 0.005167
2459821.797792 13.543907 0.005155
2459821.804736 13.549484 0.005181
2459821.811681 13.552471 0.005197
2459821.818625 13.552311 0.005197
2459821.825569 13.551580 0.005200
2459821.832514 13.556383 0.005217
2459821.839458 13.553200 0.005209
2459821.846402 13.562292 0.005248
2459821.853346 13.565146 0.005261
2459821.860291 13.574736 0.005305
2459821.867235 13.571600 0.005292
2459821.874179 13.569970 0.005282
2459821.881124 13.578669 0.005323
2459821.888068 13.574104 0.005299
2459821.895012 13.559681 0.005234
2459821.901957 13.559341 0.005232
2459821.908901 13.546537 0.005173
2459821.915845 13.554801 0.005208
2459821.922790 13.547940 0.005175
2459821.929734 13.553596 0.005197
2459821.936678 13.545198 0.005158
2459821.943623 13.550489 0.005176
2459821.950567 13.543554 0.005144
2459821.957511 13.544344 0.005144
2459821.964456 13.542278 0.005135
2459821.971400 13.546595 0.005151
2459821.978344 13.549459 0.005159
2459821.985288 13.546707 0.005148
2459821.992233 13.548239 0.005151
2459821.999177 13.545771 0.005134
2459822.006121 13.550367 0.005152
2459822.013066 13.557803 0.005192
2459822.020010 13.541863 0.005113
2459822.026954 13.549068 0.005145
2459822.033899 13.559971 0.005192
2459822.040843 13.565397 0.005224
2459822.047787 13.558386 0.005185
2459822.054732 13.561963 0.005203
2459822.061676 13.555004 0.005184
2459822.068620 13.556556 0.005189
2459822.075565 13.549789 0.005151
2459822.082509 13.553098 0.005168
2459822.089453 13.552683 0.005167
2459822.096398 13.554218 0.005178
2459822.103342 13.552408 0.005171
2459822.110286 13.551788 0.005175
2459822.117231 13.539367 0.005120
2459822.124175 13.542095 0.005141
2459822.131119 13.546006 0.005156
2459822.138063 13.538014 0.005124
2459822.145008 13.543146 0.005148
2459822.151952 13.547864 0.005176
2459822.158896 13.534614 0.005112
2459822.165841 13.551061 0.005187
2459822.172785 13.555290 0.005206
2459822.179729 13.560881 0.005232
2459822.186674 13.554047 0.005202
2459822.193618 13.551880 0.005194
2459822.200562 13.552090 0.005191
2459822.207507 13.549683 0.005185
2459822.214451 13.556088 0.005205
2459822.221395 13.560386 0.005223
2459822.228340 13.557055 0.005206
2459822.235284 13.550112 0.005176
2459822.242228 13.547958 0.005164
2459822.249173 13.539924 0.005117
2459822.256117 13.544660 0.005132
2459822.263061 13.542898 0.005117
2459822.270005 13.539246 0.005095
2459822.276950 13.529984 0.005051
2459822.283894 13.537272 0.005076
2459822.290838 13.528473 0.005031
2459822.297783 13.530909 0.005043
2459822.304727 13.521785 0.004988
2459822.311671 13.526443 0.005004
2459822.318616 13.525928 0.005000
2459822.325560 13.525537 0.004984
2459822.332504 13.518164 0.004950
2459822.339449 13.528834 0.004983
2459822.346393 13.531948 0.004990
2459822.353337 13.530672 0.004979
2459822.360282 13.525935 0.004953
2459822.367226 13.531319 0.004971
2459822.374170 13.535297 0.004985
2459822.381115 13.535642 0.004986
2459822.388059 13.539993 0.004995
2459822.395003 13.533062 0.004963
2459822.401947 13.527148 0.004938
2459822.408892 13.522774 0.004915
2459822.415836 13.527218 0.004929
2459822.422780 13.530319 0.004940
2459822.429725 13.513092 0.004870
2459822.436669 13.519985 0.004904
2459822.443613 13.517572 0.004886
2459822.450558 13.510466 0.004860
2459822.457502 13.511353 0.004858
2459822.464446 13.507549 0.004844
2459822.471391 13.500802 0.004828
2459822.478335 13.503295 0.004831
2459822.485279 13.498085 0.004816
2459822.492224 13.508232 0.004855
2459822.499168 13.499874 0.004826
2459822.506112 13.497654 0.004819
2459822.513057 13.496364 0.004821
2459822.520001 13.501348 0.004846
2459822.526945 13.500426 0.004847
2459822.533889 13.510361 0.004898
2459822.540834 13.494967 0.004839
2459822.547778 13.493753 0.004846
2459822.554722 13.501276 0.004881
2459822.561667 13.500345 0.004885
2459822.568611 13.494125 0.004870
2459822.575555 13.495074 0.004876
2459822.582500 13.482829 0.004835
2459822.589444 13.480354 0.004834
2459822.596388 13.481189 0.004844
2459822.603333 13.479024 0.004845
2459822.610277 13.480223 0.004856
2459822.617221 13.479170 0.004857
2459822.624166 13.471991 0.004833
2459822.631110 13.470939 0.004834
2459822.638054 13.471582 0.004846
2459822.644999 13.466071 0.004824
2459822.651943 13.463882 0.004821
2459822.658887 13.468199 0.004848
2459822.665831 13.454353 0.004790
2459822.672776 13.462159 0.004831
2459822.679720 13.454727 0.004795
2459822.686664 13.460724 0.004821
2459822.693609 13.454930 0.004796
2459822.700553 13.452200 0.004787
2459822.707497 13.453909 0.004794
2459822.714442 13.453219 0.004793
2459822.721386 13.451682 0.004785
2459822.728330 13.448957 0.004778
2459822.735275 13.452119 0.004788
2459822.742219 13.442883 0.004751
2459822.749163 13.448626 0.004779
2459822.756108 13.445409 0.004761
2459822.763052 13.446869 0.004767
2459822.769996 13.429277 0.004693
2459822.776941 13.439697 0.004733
2459822.783885 13.427874 0.004684
2459822.790829 13.425487 0.004676
2459822.797773 13.431396 0.004697
2459822.804718 13.425682 0.004672
2459822.811662 13.427509 0.004680
2459822.818606 13.414335 0.004623
2459822.825551 13.427852 0.004679
2459822.832495 13.422159 0.004659
2459822.839439 13.414623 0.004622
2459822.846384 13.418267 0.004633
2459822.853328 13.423618 0.004652
2459822.860272 13.420523 0.004642
2459822.867217 13.425760 0.004653
2459822.874161 13.442127 0.004711
2459822.881105 13.435328 0.004683
2459822.888050 13.429749 0.004653
2459822.894994 13.436324 0.004675
2459822.901938 13.447598 0.004715
2459822.908883 13.450087 0.004725
2459822.915827 13.441721 0.004677
2459822.922771 13.445575 0.004691
2459822.929715 13.444468 0.004676
2459822.936660 13.438239 0.004643
2459822.943604 13.432530 0.004616
2459822.950548 13.440715 0.004637
2459822.957493 13.446339 0.004649
2459822.964437 13.435679 0.004601
2459822.971381 13.427542 0.004563
2459822.978326 13.428607 0.004558
2459822.985270 13.437277 0.004583
2459822.992214 13.425761 0.004532
2459822.999159 13.421440 0.004508
2459823.006103 13.420300 0.004496
2459823.013047 13.422049 0.004499
2459823.019992 13.425894 0.004503
2459823.026936 13.428157 0.004505
2459823.033880 13.429459 0.004501
2459823.040825 13.434540 0.004520
2459823.047769 13.432659 0.004499
2459823.054713 13.438505 0.004516
2459823.061657 13.438977 0.004513
2459823.068602 13.439170 0.004506
2459823.075546 13.440495 0.004502
2459823.082490 13.448411 0.004529
2459823.089435 13.449234 0.004524
2459823.096379 13.453026 0.004533
2459823.103323 13.456000 0.004544
2459823.110268 13.454203 0.004526
2459823.117212 13.458972 0.004538
2459823.124156 13.455341 0.004521
2459823.131101 13.448569 0.004489
2459823.138045 13.449596 0.004488
2459823.144989 13.449122 0.004479
2459823.151934 13.445219 0.004456
2459823.158878 13.443802 0.004448
2459823.165822 13.441873 0.004432
2459823.172766 13.441833 0.004428
2459823.179711 13.439493 0.004412
2459823.186655 13.442558 0.004419
2459823.193599 13.433603 0.004380
2459823.200544 13.443203 0.004407
2459823.207488 13.434701 0.004368
2459823.214432 13.437712 0.004373
2459823.221377 13.433932 0.004350
2459823.228321 13.436837 0.004352
2459823.235265 13.437763 0.004345
2459823.242210 13.438989 0.004340
2459823.249154 13.435682 0.004331
2459823.256098 13.446844 0.004350
2459823.263043 13.440187 0.004319
2459823.269987 13.442982 0.004317
2459823.276931 13.446513 0.004318
2459823.283876 13.444333 0.004301
2459823.290820 13.449635 0.004315
2459823.297764 13.441165 0.004269
2459823.304708 13.447631 0.004281
2459823.311653 13.441761 0.004250
2459823.318597 13.435600 0.004217
2459823.325541 13.429503 0.004185
2459823.332486 13.439516 0.004209
2459823.339430 13.430878 0.004169
2459823.346374 13.429731 0.004153
2459823.353319 13.420825 0.004117
2459823.360263 13.423781 0.004115
2459823.367207 13.423320 0.004105
2459823.374152 13.422464 0.004094
2459823.381096 13.426991 0.004095
2459823.388040 13.418553 0.004060
2459823.394985 13.422654 0.004064
2459823.401929 13.422792 0.004057
2459823.408873 13.422446 0.004048
2459823.415817 13.425961 0.004055
2459823.422762 13.430433 0.004066
2459823.429706 13.425975 0.004044
2459823.436650 13.432323 0.004063
2459823.443595 13.429977 0.004054
2459823.450539 13.430316 0.004053
2459823.457483 13.433432 0.004064
2459823.464428 13.441967 0.004089
2459823.471372 13.440870 0.004085
2459823.478316 13.448996 0.004113
2459823.485261 13.446459 0.004106
2459823.492205 13.454159 0.004132
2459823.499149 13.449208 0.004113
2459823.506094 13.451706 0.004125
2459823.513038 13.441435 0.004089
2459823.519982 13.438783 0.004079
2459823.526926 13.430599 0.004053
2459823.533871 13.433784 0.004063
2459823.540815 13.430772 0.004055
2459823.547759 13.430900 0.004054
2459823.554704 13.418407 0.004021
2459823.561648 13.409437 0.003985
2459823.568592 13.419739 0.004019
2459823.575537 13.417927 0.004012
2459823.582481 13.414864 0.004008
2459823.589425 13.415483 0.004003
2459823.596370 13.420576 0.004026
2459823.603314 13.420801 0.004022
2459823.610258 13.412450 0.003993
2459823.617202 13.426022 0.004038
2459823.624147 13.417729 0.004012
2459823.631091 13.424388 0.004036
2459823.638035 13.428033 0.004051
2459823.644980 13.426139 0.004044
2459823.651924 13.436843 0.004074
2459823.658868 13.424704 0.004032
2459823.665813 13.423703 0.004030
2459823.672757 13.435356 0.004068
2459823.679701 13.422667 0.004034
2459823.686646 13.424467 0.004031
2459823.693590 13.419961 0.004018
2459823.700534 13.415870 0.004006
2459823.707479 13.413369 0.003998
2459823.714423 13.400969 0.003957
2459823.721367 13.400520 0.003959
2459823.728311 13.392008 0.003931
2459823.735256 13.391927 0.003931
2459823.742200 13.386325 0.003911
2459823.749144 13.381771 0.003899
2459823.756089 13.384281 0.003906
2459823.763033 13.377853 0.003884
2459823.769977 13.389255 0.003926
2459823.776922 13.376965 0.003884
2459823.783866 13.381093 0.003901
2459823.790810 13.384387 0.003906
2459823.797755 13.384999 0.003914
2459823.804699 13.383263 0.003902
2459823.811643 13.385841 0.003911
2459823.818587 13.384875 0.003906
2459823.825532 13.382011 0.003897
2459823.832476 13.391495 0.003927
2459823.839420 13.381497 0.003896
2459823.846365 13.380332 0.003898
2459823.853309 13.383473 0.003901
2459823.860253 13.386334 0.003910
2459823.867198 13.374361 0.003880
2459823.874142 13.380302 0.003896
2459823.881086 13.377783 0.003884
2459823.888031 13.369584 0.003863
2459823.894975 13.370177 0.003860
2459823.901919 13.358204 0.003826
2459823.908863 13.353443 0.003808
2459823.915808 13.355451 0.003816
2459823.922752 13.347711 0.003791
2459823.929696 13.346654 0.003786
2459823.936641 13.352640 0.003808
2459823.943585 13.347752 0.003791
2459823.950529 13.354670 0.003813
2459823.957474 13.355206 0.003813
2459823.964418 13.357069 0.003825
2459823.971362 13.369361 0.003857
2459823.978306 13.367412 0.003852
2459823.985251 13.358713 0.003824
2459823.992195 13.366814 0.003850
2459823.999139 13.369902 0.003858
2459824.006084 13.374503 0.003874
2459824.013028 13.370697 0.003867
2459824.019972 13.375906 0.003877
2459824.026917 13.379297 0.003889
2459824.033861 13.373265 0.003869
2459824.040805 13.366169 0.003848
2459824.047750 13.369251 0.003858
2459824.054694 13.360977 0.003831
2459824.061638 13.354954 0.003814
2459824.068582 13.351758 0.003809
2459824.075527 13.342427 0.003775
2459824.082471 13.344273 0.003781
2459824.089415 13.341053 0.003770
2459824.096360 13.333323 0.003746
2459824.103304 13.331213 0.003742
2459824.110248 13.343195 0.003782
2459824.117193 13.331254 0.003740
2459824.124137 13.332855 0.003747
2459824.131081 13.331604 0.003740
2459824.138025 13.342150 0.003776
2459824.144970 13.333812 0.003747
2459824.151914 13.339853 0.003767
2459824.158858 13.339381 0.003767
2459824.165803 13.336009 0.003754
2459824.172747 13.343355 0.003780
2459824.179691 13.342456 0.003775
2459824.186636 13.347015 0.003788
2459824.193580 13.343227 0.003777
2459824.200524 13.345602 0.003783
2459824.207468 13.342742 0.003780
2459824.214413 13.339993 0.003765
2459824.221357 13.341972 0.003772
2459824.228301 13.354090 0.003811
2459824.235246 13.339242 0.003765
2459824.242190 13.346030 0.003785
2459824.249134 13.337869 0.003760
2459824.256079 13.334426 0.003751
2459824.263023 13.329094 0.003734
