2459797.110563 16.944065 0.093358
2459797.117508 17.018076 0.100209
2459797.124452 16.956480 0.094546
2459797.131397 17.070824 0.105434
2459797.138341 17.056520 0.104017
2459797.145285 17.002316 0.098713
2459797.152230 17.071413 0.105560
2459797.159174 16.975252 0.096206
2459797.166119 17.020227 0.100486
2459797.173063 16.919975 0.091252
2459797.180008 17.160654 0.115026
2459797.186952 16.971655 0.095884
2459797.193896 17.098230 0.108316
2459797.200841 17.063168 0.104759
2459797.207785 16.965696 0.095362
2459797.214730 16.950102 0.093985
2459797.221674 17.225782 0.122547
2459797.228619 17.259775 0.126658
2459797.235563 17.047651 0.103209
2459797.242507 17.032120 0.101839
2459797.249452 16.912615 0.090597
2459797.256396 16.965517 0.095438
2459797.263341 17.094088 0.107924
2459797.270285 17.120855 0.110664
2459797.277230 16.935135 0.092613
2459797.284174 17.084185 0.106823
2459797.291118 16.997210 0.098432
2459797.298063 17.133896 0.112421
2459797.305007 16.870596 0.087148
2459797.311952 17.085915 0.107029
2459797.318896 17.117271 0.110281
2459797.325841 17.274538 0.128480
2459797.332785 17.065037 0.104853
2459797.339729 17.132725 0.111897
2459797.346674 17.004116 0.098969
2459797.353618 17.075207 0.105938
2459797.360563 16.957294 0.094559
2459797.367507 17.098511 0.108329
2459797.374451 16.967188 0.095581
2459797.381396 17.036465 0.102011
2459797.388340 16.997559 0.098276
2459797.395285 17.011829 0.099610
2459797.402229 17.206856 0.120256
2459797.409174 17.132107 0.111865
2459797.416118 17.106024 0.109108
2459797.423062 17.105211 0.109015
2459797.430007 16.989820 0.097637
2459797.436951 17.177826 0.117026
2459797.443896 17.266191 0.127395
2459797.450840 17.227987 0.122673
2459797.457785 17.192200 0.118539
2459797.464729 17.166281 0.115929
2459797.471673 17.091301 0.107566
2459797.478618 17.182190 0.117520
2459797.485562 17.126478 0.111534
2459797.492507 16.929874 0.092188
2459797.499451 17.164379 0.115413
2459797.506395 16.865583 0.086600
2459797.513340 16.850670 0.085470
2459797.520284 16.879154 0.087873
2459797.527229 17.026300 0.101071
2459797.534173 16.944107 0.093401
2459797.541118 17.047359 0.103067
2459797.548062 16.919500 0.091423
2459797.555006 17.009863 0.099463
2459797.561951 17.230709 0.123139
2459797.568895 17.090567 0.107442
2459797.575840 16.904352 0.089869
2459797.582784 16.881130 0.087949
2459797.589728 16.969273 0.095826
2459797.596673 16.957857 0.094741
2459797.603617 17.021990 0.100707
2459797.610562 17.064072 0.104762
2459797.617506 17.152077 0.114371
2459797.624451 17.117451 0.110323
2459797.631395 16.991821 0.097727
2459797.638339 16.837593 0.084347
2459797.645284 17.194473 0.119086
2459797.652228 17.326830 0.135112
2459797.659173 17.054186 0.103779
2459797.666117 17.157530 0.114756
2459797.673062 16.988430 0.097420
2459797.680006 17.139963 0.112865
2459797.686950 17.086073 0.107092
2459797.693895 17.255266 0.126088
2459797.700839 17.043169 0.102658
2459797.707784 17.122070 0.110932
2459797.714728 17.009239 0.099390
2459797.721672 16.964302 0.095254
2459797.728617 16.852606 0.085734
2459797.735561 16.873188 0.087252
2459797.742506 17.014894 0.099943
2459797.749450 16.971992 0.095970
2459797.756395 17.069164 0.105333
2459797.763339 16.938923 0.093171
2459797.770283 17.057625 0.104119
2459797.777228 16.844690 0.084914
2459797.784172 17.027494 0.101435
2459797.791117 16.901894 0.089666
2459797.798061 17.129208 0.111772
2459797.805005 16.974102 0.096098
2459797.811950 17.120064 0.110557
2459797.818894 17.085409 0.107095
2459797.825839 17.181154 0.117289
2459797.832783 17.327343 0.135273
2459797.839728 17.217710 0.121520
2459797.846672 17.067360 0.105003
2459797.853616 17.062920 0.104750
2459797.860561 17.165924 0.115502
2459797.867505 17.002243 0.098676
2459797.874450 17.180252 0.117152
2459797.881394 17.158613 0.114815
2459797.888338 17.160240 0.114916
2459797.895283 17.020426 0.100462
2459797.902227 16.951685 0.094000
2459797.909172 17.267231 0.127512
2459797.916116 17.112690 0.109823
2459797.923061 17.038490 0.102179
2459797.930005 16.969090 0.095639
2459797.936949 17.042206 0.102838
2459797.943894 17.031235 0.101512
2459797.950838 16.957653 0.094586
2459797.957783 16.911221 0.090499
2459797.964727 16.938738 0.093009
2459797.971671 16.926455 0.091966
2459797.978616 17.123512 0.110915
2459797.985560 17.049383 0.103280
2459797.992505 17.131124 0.111776
2459797.999449 17.010038 0.099469
2459798.006394 17.034914 0.101878
2459798.013338 16.896975 0.089246
2459798.020282 17.157768 0.114694
2459798.027227 16.994759 0.098034
2459798.034171 16.954062 0.094302
2459798.041116 17.320295 0.134450
2459798.048060 17.049570 0.103304
2459798.055004 17.089706 0.107463
2459798.061949 17.307238 0.132630
2459798.068893 17.175470 0.116655
2459798.075838 17.169815 0.115996
2459798.082782 17.140184 0.112734
2459798.089726 17.031706 0.101642
2459798.096671 16.973846 0.096441
2459798.103615 17.171833 0.116260
2459798.110560 16.981176 0.097014
2459798.117504 17.104666 0.109143
2459798.124449 16.956818 0.094793
2459798.131393 16.897106 0.089278
2459798.138337 16.917240 0.091054
2459798.145282 16.979139 0.096744
2459798.152226 16.902699 0.089722
2459798.159171 17.056156 0.103968
2459798.166115 17.028605 0.101348
2459798.173059 17.078037 0.106217
2459798.180004 17.023708 0.100802
2459798.186948 17.030851 0.101484
2459798.193893 17.034649 0.101897
2459798.200837 17.179930 0.117322
2459798.207782 17.005394 0.099053
2459798.214726 17.076212 0.106019
2459798.221670 17.100321 0.108843
2459798.228615 17.311924 0.133241
2459798.235559 17.108072 0.109398
2459798.242504 17.132460 0.111977
2459798.249448 17.212782 0.120975
2459798.256392 17.365774 0.140718
2459798.263337 17.140820 0.112830
2459798.270281 17.124376 0.111296
2459798.277226 17.071550 0.105517
2459798.284170 17.110237 0.109766
2459798.291115 17.023708 0.100886
2459798.298059 17.061607 0.104556
2459798.305003 17.238945 0.124122
2459798.311948 17.192980 0.118671
2459798.318892 16.897623 0.089341
2459798.325837 16.911314 0.090514
2459798.332781 16.939302 0.092978
2459798.339725 16.839111 0.084473
2459798.346670 16.992802 0.097857
2459798.353614 16.935944 0.092678
2459798.360559 17.190073 0.118731
2459798.367503 16.885618 0.088360
2459798.374447 16.991766 0.097799
2459798.381392 16.988495 0.097469
2459798.388336 17.029894 0.101473
2459798.395281 17.061897 0.104649
2459798.402225 16.915159 0.090918
2459798.409170 17.057467 0.104269
2459798.416114 17.141640 0.113083
2459798.423058 17.100742 0.108690
2459798.430003 17.219116 0.121800
2459798.436947 16.927565 0.092157
2459798.443892 17.036966 0.102202
2459798.450836 17.175817 0.117028
2459798.457780 17.012371 0.099971
2459798.464725 17.034529 0.102093
2459798.471669 16.925789 0.092136
2459798.478614 17.093134 0.108199
2459798.485558 16.963865 0.095392
2459798.492503 16.906044 0.090516
2459798.499447 16.979912 0.096910
2459798.506391 17.065451 0.105638
2459798.513336 17.022638 0.101087
2459798.520280 16.952667 0.094843
2459798.527225 17.023880 0.101484
2459798.534169 16.909250 0.090762
2459798.541113 17.009617 0.099956
2459798.548058 17.131792 0.112453
2459798.555002 17.004620 0.099541
2459798.561947 16.801003 0.081975
2459798.568891 16.963894 0.095801
2459798.575835 17.213894 0.121924
2459798.582780 16.943169 0.093917
2459798.589724 16.880627 0.088505
2459798.596669 17.159801 0.115718
2459798.603613 16.966631 0.096199
2459798.610558 16.970011 0.096446
2459798.617502 17.067574 0.106162
2459798.624446 17.197498 0.120149
2459798.631391 16.930590 0.092883
2459798.638335 17.094349 0.108669
2459798.645280 17.017725 0.100993
2459798.652224 17.009216 0.100114
2459798.659168 17.075089 0.107004
2459798.666113 17.175091 0.117885
2459798.673057 17.142847 0.113964
2459798.680002 17.155815 0.115685
2459798.686946 17.131489 0.112756
2459798.693890 17.037029 0.102960
2459798.700835 17.080599 0.107638
2459798.707779 16.944826 0.094483
2459798.714724 17.070759 0.106399
2459798.721668 17.030231 0.102362
2459798.728613 16.848980 0.086073
2459798.735557 16.970758 0.096777
2459798.742501 16.951488 0.094922
2459798.749446 16.993805 0.098854
2459798.756390 16.926392 0.092650
2459798.763335 16.899370 0.090370
2459798.770279 16.844395 0.085667
2459798.777223 16.910383 0.091313
2459798.784168 17.062292 0.105723
2459798.791112 17.201674 0.120830
2459798.798057 17.123238 0.112184
2459798.805001 16.996548 0.099338
2459798.811946 17.210260 0.121938
2459798.818890 17.106085 0.110451
2459798.825834 17.116110 0.111349
2459798.832779 17.182335 0.118765
2459798.839723 17.235380 0.125126
2459798.846668 17.094879 0.109194
2459798.853612 17.076481 0.107342
2459798.860556 16.976032 0.097492
2459798.867501 17.029682 0.102816
2459798.874445 16.879547 0.088891
2459798.881390 17.103714 0.110437
2459798.888334 16.914181 0.091913
2459798.895278 16.922564 0.092812
2459798.902223 16.999058 0.099855
2459798.909167 17.028244 0.102561
2459798.916112 16.964048 0.096500
2459798.923056 16.994194 0.099326
2459798.930001 17.142097 0.114990
2459798.936945 16.890482 0.089916
2459798.943889 16.754698 0.078957
2459798.950834 17.025877 0.102404
2459798.957778 16.873436 0.088682
2459798.964723 16.963865 0.096423
2459798.971667 16.991556 0.099067
2459798.978611 17.124788 0.112844
2459798.985556 16.878052 0.088933
2459798.992500 16.977123 0.097952
2459798.999445 17.177675 0.118829
2459799.006389 16.997097 0.099678
2459799.013333 16.966021 0.096716
2459799.020278 16.946806 0.095004
2459799.027222 17.048817 0.104976
2459799.034167 17.057085 0.105672
2459799.041111 16.942207 0.094679
2459799.048056 16.976162 0.097817
2459799.055000 17.080437 0.108168
2459799.061944 17.048788 0.104934
2459799.068889 16.989588 0.099233
2459799.075833 17.001423 0.100349
2459799.082778 17.225719 0.124834
2459799.089722 16.803204 0.083067
2459799.096666 17.089167 0.109438
2459799.103611 17.098183 0.110459
2459799.110555 16.864992 0.088403
2459799.117500 16.956015 0.096276
2459799.124444 16.903311 0.091602
2459799.131388 17.079897 0.108401
2459799.138333 17.082439 0.108830
2459799.145277 16.975094 0.098016
2459799.152222 16.972906 0.097881
2459799.159166 16.893774 0.090847
2459799.166111 16.931868 0.094047
2459799.173055 17.218693 0.124007
2459799.179999 16.998545 0.100252
2459799.186944 16.840662 0.086195
2459799.193888 16.929586 0.093897
2459799.200833 17.040457 0.104326
2459799.207777 17.031609 0.103472
2459799.214721 16.943779 0.095156
2459799.221666 17.021847 0.102510
2459799.228610 17.201721 0.122025
2459799.235555 17.003149 0.100777
2459799.242499 17.006336 0.100979
2459799.249443 16.954430 0.096250
2459799.256388 16.929049 0.093782
2459799.263332 17.043036 0.104692
2459799.270277 17.027969 0.103316
2459799.277221 16.960011 0.096722
2459799.284166 16.875408 0.089158
2459799.291110 16.955078 0.096247
2459799.298054 17.189070 0.120780
2459799.304999 16.771294 0.080765
2459799.311943 16.996952 0.100226
2459799.318888 16.936775 0.094568
2459799.325832 16.821262 0.084697
2459799.332776 17.095415 0.110149
2459799.339721 17.028765 0.103318
2459799.346665 16.855639 0.087574
2459799.353610 16.904793 0.091727
2459799.360554 16.948107 0.095602
2459799.367499 16.867290 0.088735
2459799.374443 17.089172 0.109457
2459799.381387 16.848345 0.086937
2459799.388332 17.048941 0.105290
2459799.395276 16.964714 0.097228
2459799.402221 16.930233 0.093940
2459799.409165 17.041077 0.104551
2459799.416109 17.051638 0.105662
2459799.423054 16.978085 0.098537
2459799.429998 17.038895 0.104381
2459799.436943 17.053423 0.105934
2459799.443887 17.088896 0.109649
2459799.450831 17.059261 0.106522
2459799.457776 17.172348 0.118831
2459799.464720 17.020018 0.102606
2459799.471665 17.042641 0.104882
2459799.478609 17.079662 0.108678
2459799.485554 16.941008 0.095334
2459799.492498 16.871433 0.089136
2459799.499442 17.006369 0.101412
2459799.506387 16.836760 0.086217
2459799.513331 17.006992 0.101574
2459799.520276 17.084246 0.109471
2459799.527220 16.876324 0.089800
2459799.534164 16.964060 0.097744
2459799.541109 16.801865 0.083801
2459799.548053 17.008209 0.101888
2459799.554998 16.989616 0.100155
2459799.561942 16.916449 0.093412
2459799.568886 16.904461 0.092308
2459799.575831 16.961887 0.097589
2459799.582775 16.992586 0.100522
2459799.589720 16.871706 0.089618
2459799.596664 16.919014 0.093780
2459799.603608 17.048584 0.106191
2459799.610553 17.081627 0.109697
2459799.617497 17.057878 0.107107
2459799.624442 16.888241 0.091099
2459799.631386 16.994514 0.100892
2459799.638331 16.957401 0.097530
2459799.645275 16.976789 0.099174
2459799.652219 16.991690 0.100521
2459799.659164 17.047070 0.106084
2459799.666108 16.970661 0.098785
2459799.673053 16.867502 0.089249
2459799.679997 17.082102 0.109685
2459799.686941 17.032936 0.104497
2459799.693886 16.957336 0.097153
2459799.700830 16.870472 0.089469
2459799.707775 16.933706 0.094967
2459799.714719 16.808010 0.084239
2459799.721663 16.808903 0.084327
2459799.728608 16.929592 0.094745
2459799.735552 16.852348 0.087876
2459799.742497 17.001863 0.101454
2459799.749441 16.782032 0.082204
2459799.756386 16.800821 0.083750
2459799.763330 17.246386 0.128515
2459799.770274 16.759129 0.080506
2459799.777219 17.007885 0.102121
2459799.784163 16.926825 0.094513
2459799.791108 16.908009 0.093028
2459799.798052 16.999247 0.101446
2459799.804996 16.922096 0.094410
2459799.811941 16.931889 0.095156
2459799.818885 16.994543 0.101058
2459799.825830 16.965160 0.098268
2459799.832774 17.039219 0.105663
2459799.839718 16.932653 0.095368
2459799.846663 17.165346 0.119379
2459799.853607 17.001371 0.102352
2459799.860552 17.188984 0.122347
2459799.867496 16.960339 0.098141
2459799.874441 17.066559 0.108725
2459799.881385 17.007952 0.102733
2459799.888329 17.083467 0.110673
2459799.895274 16.875721 0.090517
2459799.902218 16.967968 0.098945
2459799.909163 16.767168 0.081759
2459799.916107 16.918993 0.094354
2459799.923051 16.821552 0.085930
2459799.929996 16.995148 0.101551
2459799.936940 16.871067 0.090061
2459799.943885 16.943350 0.096460
2459799.950829 16.763435 0.081226
2459799.957773 16.880852 0.090747
2459799.964718 16.747101 0.079919
2459799.971662 16.746685 0.079843
2459799.978607 16.897861 0.092208
2459799.985551 16.773390 0.081882
2459799.992496 16.899834 0.092379
2459799.999440 16.889236 0.091345
2459800.006384 16.873104 0.090060
2459800.013329 17.168148 0.119557
2459800.020273 17.126015 0.114784
2459800.027218 17.102457 0.112202
2459800.034162 17.090851 0.111008
2459800.041106 17.016710 0.103370
2459800.048051 16.814709 0.085280
2459800.054995 17.004324 0.102184
2459800.061940 16.915102 0.093919
2459800.068884 17.070599 0.109191
2459800.075828 16.981241 0.100137
2459800.082773 16.906321 0.093221
2459800.089717 16.836155 0.087253
2459800.096662 17.006458 0.102875
2459800.103606 17.025616 0.104907
2459800.110551 16.868040 0.090054
2459800.117495 16.946041 0.097055
2459800.124439 16.984179 0.100843
2459800.131384 16.984722 0.100789
2459800.138328 16.890844 0.092122
2459800.145273 16.981461 0.100485
2459800.152217 17.044928 0.106731
2459800.159161 16.883047 0.091488
2459800.166106 16.950108 0.097623
2459800.173050 17.109638 0.113514
2459800.179995 16.903889 0.093084
2459800.186939 17.142719 0.117127
2459800.193883 17.091524 0.111420
2459800.200828 16.934006 0.095731
2459800.207772 17.101856 0.112426
2459800.214717 16.972834 0.099267
2459800.221661 17.077816 0.109992
2459800.228605 17.177971 0.121052
2459800.235550 16.938675 0.095975
2459800.242494 16.938606 0.095881
2459800.249439 17.048386 0.106766
2459800.256383 16.895880 0.092004
2459800.263328 17.008648 0.102654
2459800.270272 16.969046 0.098725
2459800.277216 17.046568 0.106291
2459800.284161 16.919014 0.093973
2459800.291105 16.949512 0.096826
2459800.298050 16.980951 0.099768
2459800.304994 16.889101 0.091432
2459800.311938 17.061832 0.107936
2459800.318883 17.004089 0.102175
2459800.325827 16.913321 0.093668
2459800.332772 16.999954 0.101571
2459800.339716 16.952881 0.097216
2459800.346660 16.846945 0.087749
2459800.353605 16.837147 0.086903
2459800.360549 16.931868 0.095271
2459800.367494 16.989014 0.100630
2459800.374438 17.051720 0.106703
2459800.381383 16.734823 0.078812
2459800.388327 16.799400 0.083754
2459800.395271 17.071980 0.108901
2459800.402216 16.839237 0.087061
2459800.409160 17.204470 0.123833
2459800.416105 16.948389 0.096836
2459800.423049 17.059715 0.107596
2459800.429993 17.026335 0.104177
2459800.436938 17.159311 0.118706
2459800.443882 17.090961 0.111060
2459800.450827 16.992298 0.101082
2459800.457771 16.929001 0.095081
2459800.464715 17.142872 0.116867
2459800.471660 16.870434 0.089974
2459800.478604 16.963360 0.098434
2459800.485549 17.078859 0.110036
2459800.492493 16.851925 0.088739
2459800.499437 16.886295 0.091595
2459800.506382 16.902536 0.093113
2459800.513326 16.965631 0.098975
2459800.520271 16.918331 0.094785
2459800.527215 16.945187 0.097492
2459800.534160 16.794687 0.084266
2459800.541104 16.958099 0.098604
2459800.548048 16.878658 0.091481
2459800.554993 17.075871 0.110622
2459800.561937 16.848879 0.088964
2459800.568882 17.018984 0.104755
2459800.575826 17.021147 0.104986
2459800.582770 17.150986 0.119127
2459800.589715 16.993683 0.102339
2459800.596659 17.048082 0.107878
2459800.603604 17.115856 0.115218
2459800.610548 17.058949 0.109034
2459800.617492 16.917746 0.095294
2459800.624437 17.272366 0.134314
2459800.631381 16.896507 0.093425
2459800.638326 17.260300 0.132904
2459800.645270 17.229942 0.128924
2459800.652215 17.068838 0.110406
2459800.659159 17.061176 0.109341
2459800.666103 17.153374 0.119683
2459800.673048 16.946869 0.097898
2459800.679992 16.994488 0.102437
2459800.686937 16.799990 0.085103
2459800.693881 16.709927 0.078050
2459800.700825 16.907671 0.094259
2459800.707770 16.946815 0.097808
2459800.714714 16.986477 0.101576
2459800.721659 16.795967 0.084587
2459800.728603 16.904179 0.093837
2459800.735547 16.809862 0.085740
2459800.742492 16.873867 0.091169
2459800.749436 16.824924 0.087020
2459800.756381 17.005735 0.103557
2459800.763325 16.938053 0.096923
2459800.770269 16.968449 0.099897
2459800.777214 16.751127 0.081143
2459800.784158 16.924519 0.095706
2459800.791103 16.954649 0.098612
2459800.798047 17.039618 0.106977
2459800.804992 16.994072 0.102580
2459800.811936 16.958534 0.099096
2459800.818880 16.807245 0.085954
2459800.825825 17.006577 0.104117
2459800.832769 17.042513 0.107508
2459800.839714 16.971046 0.100657
2459800.846658 16.869202 0.091166
2459800.853602 16.906357 0.094436
2459800.860547 16.840176 0.088707
2459800.867491 16.748545 0.081347
2459800.874436 16.849712 0.089647
2459800.881380 16.979742 0.101426
2459800.888324 16.924726 0.096272
2459800.895269 16.796873 0.085191
2459800.902213 16.899960 0.093965
2459800.909158 16.822712 0.087329
2459800.916102 16.971590 0.100824
2459800.923046 16.893789 0.093329
2459800.929991 16.980738 0.101579
2459800.936935 16.890347 0.092956
2459800.943880 16.936022 0.097226
2459800.950824 16.775900 0.083208
2459800.957769 16.786800 0.084057
2459800.964713 16.952993 0.098469
2459800.971657 16.714821 0.078422
2459800.978602 16.949512 0.098006
2459800.985546 16.957418 0.098809
2459800.992491 17.022974 0.105279
2459800.999435 17.001516 0.103154
2459801.006379 16.838652 0.088188
2459801.013324 16.921505 0.095608
2459801.020268 17.011011 0.103910
2459801.027213 16.837839 0.088160
2459801.034157 17.057079 0.108854
2459801.041101 16.886396 0.092274
2459801.048046 16.957262 0.098996
2459801.054990 16.953533 0.098528
2459801.061935 16.997437 0.102837
2459801.068879 17.007446 0.103918
2459801.075823 17.073500 0.110906
2459801.082768 17.166248 0.121193
2459801.089712 16.795551 0.085092
2459801.096657 16.803516 0.085611
2459801.103601 16.875807 0.091759
2459801.110546 16.944048 0.097963
2459801.117490 17.018625 0.105340
2459801.124434 16.870617 0.091468
2459801.131379 16.962755 0.099871
2459801.138323 16.773449 0.083330
2459801.145268 16.810926 0.086479
2459801.152212 16.850826 0.089745
2459801.159156 16.834225 0.088327
2459801.166101 16.882477 0.092559
2459801.173045 16.907333 0.094702
2459801.179990 16.810724 0.086246
2459801.186934 17.018927 0.105344
2459801.193878 16.924446 0.096091
2459801.200823 16.906853 0.094449
2459801.207767 17.082071 0.111723
2459801.214712 17.104168 0.114051
2459801.221656 17.050253 0.108241
2459801.228600 16.846857 0.089115
2459801.235545 17.217133 0.127243
2459801.242489 16.893465 0.092958
2459801.249434 16.961216 0.099120
2459801.256378 16.767986 0.082339
2459801.263323 17.086798 0.111849
2459801.270267 16.890532 0.092527
2459801.277211 16.906258 0.093830
2459801.284156 17.000975 0.102872
2459801.291100 17.195494 0.123967
2459801.298045 16.827515 0.087142
2459801.304989 16.780582 0.083308
2459801.311933 16.743052 0.080286
2459801.318878 16.802790 0.084933
2459801.325822 16.905691 0.093795
2459801.332767 16.950699 0.097778
2459801.339711 16.953270 0.098042
2459801.346655 16.778831 0.083008
2459801.353600 16.888790 0.092159
2459801.360544 16.879747 0.091349
2459801.367489 16.873148 0.090883
2459801.374433 16.887402 0.092063
2459801.381377 17.168369 0.120667
2459801.388322 17.083244 0.111067
2459801.395266 16.978790 0.100439
2459801.402211 17.111546 0.114187
2459801.409155 17.045986 0.107228
2459801.416099 16.949326 0.097825
2459801.423044 16.974413 0.100349
2459801.429988 16.943153 0.097259
2459801.436933 16.970732 0.099933
2459801.443877 17.039988 0.106862
2459801.450822 16.902435 0.093708
2459801.457766 16.979954 0.101061
2459801.464710 17.032160 0.106499
2459801.471655 16.879269 0.091913
2459801.478599 16.936111 0.097335
2459801.485544 16.761091 0.082292
2459801.492488 16.883583 0.092746
2459801.499432 17.129377 0.117626
2459801.506377 16.860394 0.090754
2459801.513321 16.990379 0.102835
2459801.520266 16.797869 0.085655
2459801.527210 16.957144 0.099717
2459801.534154 16.894518 0.093975
2459801.541099 16.910070 0.095397
2459801.548043 16.980442 0.102113
2459801.554988 16.998545 0.104023
2459801.561932 16.767096 0.083466
2459801.568876 16.894386 0.094429
2459801.575821 16.916836 0.096298
2459801.582765 16.978746 0.102210
2459801.589710 17.039577 0.108354
2459801.596654 16.954023 0.099847
2459801.603599 17.001635 0.104509
2459801.610543 16.930679 0.097630
2459801.617487 17.191742 0.125666
2459801.624432 16.982723 0.102682
2459801.631376 17.081490 0.112936
2459801.638321 17.100845 0.115148
2459801.645265 17.120941 0.117381
2459801.652209 16.926043 0.097254
2459801.659154 16.990805 0.103595
2459801.666098 16.955606 0.100167
2459801.673043 17.083059 0.113159
2459801.679987 17.057085 0.110304
2459801.686931 16.935246 0.098162
2459801.693876 16.776024 0.084238
2459801.700820 16.891895 0.094195
2459801.707765 16.839291 0.089633
2459801.714709 17.016048 0.106081
2459801.721653 16.986389 0.103299
2459801.728598 16.936617 0.098244
2459801.735542 16.991871 0.103596
2459801.742487 17.114187 0.116513
2459801.749431 17.084782 0.113495
2459801.756375 16.907436 0.095703
2459801.763320 16.913603 0.096091
2459801.770264 17.051300 0.109845
2459801.777209 16.976856 0.102348
2459801.784153 17.061855 0.110906
2459801.791098 17.042786 0.108928
2459801.798042 16.939129 0.098712
2459801.804986 16.961092 0.100687
2459801.811931 16.969202 0.101555
2459801.818875 16.907072 0.095672
2459801.825820 16.917854 0.096864
2459801.832764 16.951488 0.100063
2459801.839708 16.949921 0.099766
2459801.846653 17.063686 0.111294
2459801.853597 16.988699 0.103609
2459801.860542 16.873129 0.092736
2459801.867486 16.771549 0.084196
2459801.874430 16.883118 0.093698
2459801.881375 16.958523 0.100900
2459801.888319 16.980164 0.102753
2459801.895264 16.664455 0.075996
2459801.902208 16.762207 0.083360
2459801.909152 16.802948 0.086681
2459801.916097 16.738235 0.081560
2459801.923041 16.683130 0.077231
2459801.929986 16.659500 0.075588
2459801.936930 16.670872 0.076274
2459801.943874 16.668339 0.076046
2459801.950819 16.760210 0.082878
2459801.957763 16.683697 0.077067
2459801.964708 16.777639 0.084209
2459801.971652 16.862946 0.091248
2459801.978597 16.671104 0.075984
2459801.985541 16.836098 0.088869
2459801.992485 16.809475 0.086734
2459801.999430 16.892248 0.093718
2459802.006374 16.858263 0.090692
2459802.013319 16.825001 0.087909
2459802.020263 16.645283 0.074228
2459802.027207 16.660349 0.075173
2459802.034152 16.759741 0.082606
2459802.041096 16.765512 0.083078
2459802.048041 16.657400 0.075113
2459802.054985 16.670042 0.075968
2459802.061929 16.602772 0.071452
2459802.068874 16.660374 0.075281
2459802.075818 16.656315 0.075053
2459802.082763 16.551552 0.068021
2459802.089707 16.696018 0.078043
2459802.096651 16.637688 0.073914
2459802.103596 16.697418 0.078330
2459802.110540 16.697651 0.078256
2459802.117485 16.566072 0.069187
2459802.124429 16.572735 0.069580
2459802.131373 16.655401 0.075314
2459802.138318 16.721617 0.080157
2459802.145262 16.637352 0.074093
2459802.152207 16.684994 0.077463
2459802.159151 16.546818 0.067962
2459802.166095 16.525812 0.066601
2459802.173040 16.544392 0.067823
2459802.179984 16.569324 0.069524
2459802.186929 16.650225 0.074926
2459802.193873 16.760729 0.083283
2459802.200818 16.864933 0.091827
2459802.207762 16.829697 0.088732
2459802.214706 16.750561 0.082245
2459802.221651 16.651564 0.074819
2459802.228595 16.822811 0.088178
2459802.235540 16.739958 0.081402
2459802.242484 16.878614 0.092793
2459802.249428 16.698498 0.078157
2459802.256373 16.717237 0.079434
2459802.263317 16.847118 0.089811
2459802.270262 16.720150 0.079617
2459802.277206 16.686928 0.077011
2459802.284150 16.748634 0.081639
2459802.291095 16.577522 0.069368
2459802.298039 16.532324 0.066504
2459802.304984 16.602127 0.070985
2459802.311928 16.560516 0.068191
2459802.318872 16.633621 0.073049
2459802.325817 16.565710 0.068496
2459802.332761 16.574730 0.069073
2459802.339706 16.597055 0.070539
2459802.346650 16.557510 0.067928
2459802.353594 16.526255 0.065967
2459802.360539 16.479580 0.063110
2459802.367483 16.757526 0.082090
2459802.374428 16.576855 0.069242
2459802.381372 16.673639 0.075834
2459802.388317 16.541281 0.066978
2459802.395261 16.615826 0.071875
2459802.402205 16.618586 0.072059
2459802.409150 16.669506 0.075634
2459802.416094 16.825928 0.087821
2459802.423039 16.566605 0.068662
2459802.429983 16.654102 0.074705
2459802.436927 16.689514 0.077228
2459802.443872 16.557236 0.068187
2459802.450816 16.594385 0.070755
2459802.457761 16.649925 0.074600
2459802.464705 16.466200 0.062710
2459802.471649 16.361309 0.056916
2459802.478594 16.369902 0.057399
2459802.485538 16.415476 0.059942
2459802.492483 16.440165 0.061520
2459802.499427 16.434721 0.061156
2459802.506371 16.572105 0.069631
2459802.513316 16.527283 0.066911
2459802.520260 16.567955 0.069511
2459802.527205 16.506124 0.065724
2459802.534149 16.631479 0.073887
2459802.541093 16.512337 0.066028
2459802.548038 16.557863 0.068992
2459802.554982 16.491350 0.064901
2459802.561927 16.556799 0.069047
2459802.568871 16.388826 0.058917
2459802.575815 16.371557 0.058021
2459802.582760 16.302868 0.054437
2459802.589704 16.477795 0.064137
2459802.596649 16.383060 0.058676
2459802.603593 16.479618 0.064272
2459802.610537 16.374067 0.058207
2459802.617482 16.485374 0.064670
2459802.624426 16.533245 0.067621
2459802.631371 16.565445 0.069753
2459802.638315 16.465006 0.063483
2459802.645260 16.470156 0.063777
2459802.652204 16.485302 0.064727
2459802.659148 16.446516 0.062367
2459802.666093 16.632694 0.074540
2459802.673037 16.523821 0.067166
2459802.679982 16.464684 0.063546
2459802.686926 16.675283 0.077567
2459802.693870 16.621084 0.073776
2459802.700815 16.648706 0.075671
2459802.707759 16.548714 0.068822
2459802.714704 16.551289 0.069091
2459802.721648 16.556984 0.069426
2459802.728592 16.371319 0.058278
2459802.735537 16.482941 0.064757
2459802.742481 16.458265 0.063285
2459802.749426 16.358204 0.057624
2459802.756370 16.316708 0.055478
2459802.763314 16.490761 0.065343
2459802.770259 16.414337 0.060809
2459802.777203 16.545406 0.068831
2459802.784148 16.616238 0.073661
2459802.791092 16.493526 0.065634
2459802.798036 16.686522 0.078803
2459802.804981 16.492336 0.065546
2459802.811925 16.710382 0.080612
2459802.818870 16.606554 0.073046
2459802.825814 16.598953 0.072535
2459802.832758 16.711075 0.080785
2459802.839703 16.708271 0.080491
2459802.846647 16.399372 0.060174
2459802.853592 16.517975 0.067236
2459802.860536 16.507915 0.066785
2459802.867480 16.573988 0.070935
2459802.874425 16.579153 0.071277
2459802.881369 16.524441 0.067684
2459802.888314 16.624722 0.074389
2459802.895258 16.516928 0.067170
2459802.902203 16.524763 0.067655
2459802.909147 16.641949 0.075565
2459802.916091 16.620213 0.074001
2459802.923036 16.601242 0.072621
2459802.929980 16.538069 0.068360
2459802.936925 16.728828 0.081889
2459802.943869 16.476562 0.064414
2459802.950813 16.628323 0.074321
2459802.957758 16.522520 0.067295
2459802.964702 16.530018 0.067603
2459802.971647 16.415113 0.060688
2459802.978591 16.535147 0.067784
2459802.985535 16.563400 0.069537
2459802.992480 16.545319 0.068302
2459802.999424 16.521231 0.066736
2459803.006369 16.417879 0.060502
2459803.013313 16.559067 0.069073
2459803.020257 16.453798 0.062529
2459803.027202 16.433264 0.061295
2459803.034146 16.469625 0.063446
2459803.041091 16.475336 0.063771
2459803.048035 16.615082 0.072816
2459803.054979 16.446335 0.062243
2459803.061924 16.549810 0.068504
2459803.068868 16.497869 0.065243
2459803.075813 16.559608 0.069227
2459803.082757 16.537167 0.067764
2459803.089701 16.543776 0.068253
2459803.096646 16.691093 0.078485
2459803.103590 16.552544 0.068998
2459803.110535 16.662342 0.076545
2459803.117479 16.471399 0.063853
2459803.124423 16.453812 0.062852
2459803.131368 16.330956 0.056013
2459803.138312 16.324112 0.055672
2459803.145257 16.448528 0.062609
2459803.152201 16.396833 0.059663
2459803.159146 16.407749 0.060316
2459803.166090 16.497540 0.065617
2459803.173034 16.661549 0.076662
2459803.179979 16.550217 0.068970
2459803.186923 16.569736 0.070275
2459803.193868 16.496428 0.065589
2459803.200812 16.615356 0.073347
2459803.207756 16.602108 0.072450
2459803.214701 16.654293 0.076040
2459803.221645 16.572897 0.070346
2459803.228590 16.624393 0.073874
2459803.235534 16.742485 0.082549
2459803.242478 16.666073 0.076713
2459803.249423 16.552086 0.068880
2459803.256367 16.565056 0.069663
2459803.263312 16.451965 0.062520
2459803.270256 16.507980 0.065863
2459803.277200 16.547791 0.068306
2459803.284145 16.535660 0.067514
2459803.291089 16.377491 0.058081
2459803.298034 16.347017 0.056439
2459803.304978 16.335501 0.055816
2459803.311922 16.391115 0.058742
2459803.318867 16.331741 0.055565
2459803.325811 16.338600 0.055997
2459803.332756 16.254150 0.051685
2459803.339700 16.269890 0.052430
2459803.346644 16.290810 0.053429
2459803.353589 16.289110 0.053314
2459803.360533 16.264423 0.052123
2459803.367478 16.409416 0.059680
2459803.374422 16.267101 0.052252
2459803.381366 16.441401 0.061522
2459803.388311 16.491030 0.064514
2459803.395255 16.575745 0.069908
2459803.402200 16.523933 0.066609
2459803.409144 16.430126 0.060956
2459803.416088 16.485607 0.064425
2459803.423033 16.683018 0.077544
2459803.429977 16.460552 0.062875
2459803.436922 16.594269 0.071353
2459803.443866 16.452238 0.062449
2459803.450810 16.658743 0.075963
2459803.457755 16.600628 0.071967
2459803.464699 16.574390 0.070251
2459803.471644 16.481611 0.064474
2459803.478588 16.483685 0.064616
2459803.485532 16.441265 0.062256
2459803.520255 16.479845 0.064885
2459803.527199 16.469120 0.064170
2459803.534143 16.565861 0.070325
2459803.541088 16.337543 0.056787
2459803.548032 16.403965 0.060493
2459803.554977 16.331251 0.056520
2459803.561921 16.415094 0.061269
2459803.568865 16.447504 0.063134
2459803.575810 16.448074 0.063248
2459803.582754 16.603851 0.073320
2459803.589699 16.586424 0.072274
2459803.596643 16.554207 0.070023
2459803.603587 16.519024 0.067780
2459803.610532 16.647758 0.076564
2459803.617476 16.453434 0.063766
2459803.624421 16.453991 0.063826
2459803.631365 16.573223 0.071445
2459803.638309 16.536478 0.069075
2459803.645254 16.568405 0.071223
2459803.652198 16.497658 0.066531
2459803.659143 16.653025 0.077195
2459803.666087 16.518730 0.067865
2459803.673031 16.486065 0.065975
2459803.679976 16.479088 0.065400
2459803.686920 16.533419 0.068876
2459803.693865 16.450781 0.063835
2459803.700809 16.460407 0.064323
2459803.707753 16.611704 0.074228
2459803.714698 16.305908 0.055748
2459803.721642 16.506849 0.067287
2459803.728587 16.630550 0.075699
2459803.735531 16.474052 0.065322
2459803.742475 16.470160 0.065125
2459803.749420 16.538376 0.069416
2459803.756364 16.664021 0.078379
2459803.763309 16.590130 0.072958
2459803.770253 16.474674 0.065454
2459803.777197 16.715237 0.082343
2459803.784142 16.719872 0.082638
2459803.791086 16.845222 0.093507
2459803.798031 16.599379 0.073901
2459803.804975 16.740152 0.084405
2459803.811919 16.608080 0.074377
2459803.818864 16.647078 0.077213
2459803.825808 16.806932 0.089956
2459803.832753 16.606190 0.074372
2459803.839697 16.593699 0.073469
2459803.846641 16.610489 0.074720
2459803.853586 16.680202 0.079859
2459803.860530 16.578434 0.072615
2459803.867475 16.686150 0.080365
2459803.874419 16.667608 0.078955
2459803.881363 16.801964 0.089735
2459803.888308 16.602633 0.074362
2459803.895252 16.714615 0.082563
2459803.902197 16.553944 0.070881
2459803.909141 16.555168 0.070911
2459803.916086 16.615866 0.075074
2459803.923030 16.507444 0.067745
2459803.929974 16.494171 0.066837
2459803.936919 16.476475 0.065680
2459803.943863 16.501965 0.067235
2459803.950808 16.565172 0.071333
2459803.957752 16.707909 0.081531
2459803.964696 16.549973 0.070152
2459803.971641 16.627357 0.075354
2459803.978585 16.614998 0.074510
2459803.985530 16.796019 0.088321
2459803.992474 16.590008 0.072632
2459803.999418 16.472332 0.064950
2459804.006363 16.549374 0.069774
2459804.013307 16.627096 0.075007
2459804.020252 16.697329 0.080155
2459804.027196 16.660398 0.077337
2459804.034140 16.653065 0.076751
2459804.041085 16.617424 0.074340
2459804.048029 16.544277 0.069357
2459804.054974 16.766142 0.085537
2459804.061918 16.677519 0.078646
2459804.068862 16.691254 0.079702
2459804.075807 16.601393 0.073254
2459804.082751 16.835531 0.091514
2459804.089696 16.706547 0.081069
2459804.096640 16.766712 0.085791
2459804.103584 16.647425 0.076796
2459804.110529 16.709290 0.081459
2459804.117473 16.608166 0.074055
2459804.124418 16.665491 0.078058
2459804.131362 16.585506 0.072390
2459804.138306 16.888004 0.096594
2459804.145251 16.581600 0.072216
2459804.152195 16.746309 0.084464
2459804.159140 16.798307 0.088796
2459804.166084 16.795607 0.088570
2459804.173028 16.721664 0.082587
2459804.179973 16.915304 0.099369
2459804.186917 16.765701 0.086113
2459804.193862 16.731142 0.083352
2459804.200806 16.918941 0.099867
2459804.207750 16.756729 0.085327
2459804.214695 16.750561 0.084879
2459804.221639 16.749010 0.084732
2459804.228584 16.705011 0.081202
2459804.235528 16.614124 0.074357
2459804.242472 16.733007 0.083171
2459804.249417 16.564774 0.070884
2459804.256361 16.606791 0.073754
2459804.263306 16.603132 0.073382
2459804.270250 16.792171 0.087740
2459804.277194 16.632324 0.075288
2459804.284139 16.618771 0.074304
2459804.291083 16.843477 0.091916
2459804.298028 16.668976 0.077751
2459804.304972 16.699440 0.079952
2459804.311916 16.624578 0.074480
2459804.318861 16.711100 0.080842
2459804.325805 16.595629 0.072319
2459804.332750 16.581379 0.071329
2459804.339694 16.785427 0.086527
2459804.346638 16.648228 0.075904
2459804.353583 16.664705 0.077042
2459804.360527 16.755899 0.083971
2459804.367472 16.594267 0.072080
2459804.374416 16.785492 0.086354
2459804.381360 16.715450 0.080902
2459804.388305 16.623100 0.074031
2459804.395249 16.766039 0.084831
2459804.402194 16.690464 0.079015
2459804.409138 16.652130 0.076279
2459804.416082 16.568893 0.070539
2459804.423027 16.730446 0.082199
2459804.429971 16.545704 0.069067
2459804.436916 16.578131 0.071239
2459804.443860 16.691936 0.079458
2459804.450804 16.606930 0.073346
2459804.457749 16.715508 0.081379
2459804.464693 16.606352 0.073513
2459804.471638 16.663404 0.077714
2459804.478582 16.654335 0.077032
2459804.485526 16.634823 0.075685
2459804.492471 16.588568 0.072651
2459804.499415 16.737797 0.083720
2459804.506360 16.621376 0.074958
2459804.513304 16.643246 0.076725
2459804.520249 16.738047 0.084117
2459804.527193 16.803688 0.089651
2459804.534137 16.652361 0.077586
2459804.541082 16.765923 0.086687
2459804.548026 16.697596 0.081151
2459804.554971 16.766668 0.086804
2459804.561915 16.658018 0.078334
2459804.568859 16.894365 0.098264
2459804.575804 16.728252 0.083981
2459804.582748 16.591005 0.073785
2459804.589693 16.905201 0.099606
2459804.596637 16.792088 0.089571
2459804.603581 16.610512 0.075390
2459804.610526 16.863447 0.096038
2459804.617470 16.854628 0.095286
2459804.624415 16.782166 0.088904
2459804.631359 16.757380 0.086876
2459804.638303 16.779272 0.088753
2459804.645248 16.653183 0.078742
2459804.652192 16.668114 0.080051
2459804.659137 16.808361 0.091291
2459804.666081 16.798401 0.090476
2459804.673025 16.664263 0.079593
2459804.679970 16.666782 0.079765
2459804.686914 16.799458 0.090537
2459804.693859 16.822668 0.092592
2459804.700803 16.763824 0.087653
2459804.707747 16.702965 0.082674
2459804.714692 16.573299 0.073128
2459804.721636 16.784988 0.089465
2459804.728581 16.486563 0.067347
2459804.735525 16.734573 0.085440
2459804.742469 16.703613 0.082873
2459804.749414 16.753107 0.086883
2459804.756358 16.630789 0.077420
2459804.763303 16.821991 0.092851
2459804.770247 16.775900 0.088906
2459804.777191 16.699064 0.082678
2459804.784136 16.762766 0.087841
2459804.791080 16.853926 0.095872
2459804.798025 16.695572 0.082671
2459804.804969 16.737175 0.085885
2459804.811913 16.836538 0.094488
2459804.818858 16.854393 0.096146
2459804.825802 16.779772 0.089621
2459804.832747 16.804602 0.091783
2459804.839691 16.684931 0.081984
2459804.846635 16.738617 0.086272
2459804.853580 16.768049 0.088777
2459804.860524 16.692606 0.082598
2459804.867469 16.791481 0.090848
2459804.874413 16.844782 0.095645
2459804.881357 16.711601 0.084229
2459804.888302 16.609539 0.076530
2459804.895246 16.629768 0.077934
2459804.902191 16.674362 0.081248
2459804.909135 16.702036 0.083427
2459804.916079 16.753382 0.087551
2459804.923024 16.620031 0.077095
2459804.929968 16.595598 0.075271
2459804.936913 16.666012 0.080409
2459804.943857 16.651600 0.079229
2459804.950801 16.693270 0.082433
2459804.957746 16.672596 0.080734
2459804.964690 16.771341 0.088614
2459804.971635 16.595131 0.074854
2459804.978579 16.808792 0.091642
2459804.985523 16.833813 0.093807
2459804.992468 16.984343 0.108284
2459804.999412 16.825508 0.092912
2459805.006357 17.114305 0.122811
2459805.013301 16.908630 0.100555
2459805.020245 16.733923 0.084897
2459805.027190 16.860390 0.095759
2459805.034134 16.803698 0.090655
2459805.041079 16.634649 0.077191
2459805.048023 16.699369 0.082152
2459805.054967 16.672398 0.079950
2459805.061912 16.661907 0.079138
2459805.068856 16.702480 0.082217
2459805.075801 16.574818 0.072865
2459805.082745 16.544825 0.070925
2459805.089689 16.616190 0.075919
2459805.096634 16.799263 0.090282
2459805.103578 16.639008 0.077538
2459805.110523 16.688604 0.081282
2459805.117467 16.661295 0.079196
2459805.124411 16.674767 0.080324
2459805.131356 16.714069 0.083486
2459805.138300 16.583364 0.073713
2459805.145245 16.734661 0.085142
2459805.152189 16.665066 0.079824
2459805.159133 16.731339 0.085044
2459805.166078 16.663826 0.079767
2459805.173022 16.573303 0.073338
2459805.179967 16.790413 0.090158
2459805.186911 16.833712 0.093922
2459805.193855 16.676613 0.080860
2459805.200800 16.811029 0.092002
2459805.207744 16.896143 0.099764
2459805.214689 16.835493 0.094125
2459805.221633 16.840160 0.094556
2459805.228577 16.637568 0.077896
2459805.235522 16.743435 0.086127
2459805.242466 16.793903 0.090331
2459805.249411 16.685770 0.081518
2459805.256355 16.919682 0.101840
2459805.263299 16.693075 0.081953
2459805.270244 16.723314 0.084292
2459805.277188 16.734303 0.085126
2459805.284133 16.584965 0.073815
2459805.291077 16.773115 0.088176
2459805.298021 16.711960 0.083183
2459805.304966 16.537031 0.070446
2459805.311910 16.540447 0.070704
2459805.318855 16.523281 0.069371
2459805.325799 16.747934 0.085774
2459805.332743 16.700401 0.082067
2459805.339688 16.635960 0.077053
2459805.346632 16.718365 0.083297
2459805.353577 16.587835 0.073558
2459805.360521 16.598141 0.074292
2459805.367465 16.711763 0.082741
2459805.374410 16.517092 0.068801
2459805.381354 16.740208 0.085001
2459805.388299 16.726847 0.083993
2459805.395243 16.804653 0.090641
2459805.402187 16.650770 0.078204
2459805.409132 16.775017 0.088003
2459805.416076 16.704952 0.082327
2459805.423021 16.587669 0.073916
2459805.429965 16.788750 0.089575
2459805.436909 16.902338 0.099707
2459805.443854 16.758852 0.087129
2459805.450798 16.731321 0.084888
2459805.457743 16.740379 0.085650
2459805.464687 16.723885 0.084376
2459805.471631 16.755505 0.087032
2459805.478576 16.663200 0.079826
2459805.485520 16.669432 0.080566
2459805.492465 16.661222 0.079845
2459805.499409 16.658588 0.079774
2459805.506353 16.637169 0.078433
2459805.513298 16.822996 0.093607
2459805.520242 16.671333 0.081157
2459805.527187 16.841814 0.095495
2459805.534131 16.719940 0.085332
2459805.541075 16.674833 0.081703
2459805.548020 16.570171 0.074065
2459805.554964 16.716181 0.085268
2459805.561909 16.583115 0.075216
2459805.568853 16.767632 0.089739
2459805.575797 16.640051 0.079502
2459805.582742 16.733273 0.086999
2459805.589686 16.649466 0.080400
2459805.596631 16.678949 0.082731
2459805.603575 16.616171 0.077990
2459805.610519 16.678194 0.082792
2459805.617464 16.699108 0.084560
2459805.624408 16.650629 0.080804
2459805.631353 16.698719 0.084684
2459805.638297 16.574799 0.075378
2459805.645241 16.718380 0.086357
2459805.652186 16.631884 0.079605
2459805.659130 16.728313 0.087260
2459805.666075 16.849495 0.098079
2459805.673019 16.580011 0.075834
2459805.679963 16.558784 0.074366
2459805.686908 16.639635 0.080308
2459805.693852 16.647917 0.080952
2459805.700797 16.587902 0.076592
2459805.707741 16.632988 0.079927
2459805.714685 16.670559 0.082816
2459805.721630 16.720604 0.086977
2459805.728574 16.615318 0.078653
2459805.735519 16.688232 0.084402
2459805.742463 16.537119 0.073133
2459805.749407 16.617802 0.079042
2459805.756352 16.698633 0.085291
2459805.763296 16.703960 0.085732
2459805.770241 16.796555 0.093741
2459805.777185 16.778053 0.092127
2459805.784129 16.753826 0.090072
2459805.791074 16.885834 0.102481
2459805.798018 16.764601 0.091082
2459805.804963 16.763712 0.091097
2459805.811907 16.705507 0.086203
2459805.818851 16.733082 0.088528
2459805.825796 16.661516 0.082776
2459805.832740 16.788374 0.093516
2459805.839685 16.705236 0.086546
2459805.846629 16.623644 0.080297
2459805.853573 16.552769 0.074861
2459805.860518 16.572170 0.076300
2459805.867462 16.503523 0.071645
2459805.874407 16.646732 0.081968
2459805.881351 16.655312 0.082686
2459805.888295 16.535576 0.073750
2459805.895240 16.603975 0.078745
2459805.902184 16.505148 0.071745
2459805.909129 16.703672 0.086504
2459805.916073 16.496893 0.071130
2459805.923017 16.579208 0.076726
2459805.929962 16.694679 0.085573
2459805.936906 16.417971 0.065874
2459805.943851 16.538424 0.073656
2459805.950795 16.549671 0.074393
2459805.957739 16.487101 0.070171
2459805.964684 16.568529 0.075535
2459805.971628 16.511316 0.071554
2459805.978573 16.506315 0.071106
2459805.985517 16.522984 0.072197
2459805.992461 16.585297 0.076461
2459805.999406 16.557196 0.074390
2459806.006350 16.598253 0.077274
2459806.013295 16.580391 0.075959
2459806.020239 16.509556 0.070961
2459806.027183 16.680351 0.083373
2459806.034128 16.530209 0.072286
2459806.041072 16.569435 0.074956
2459806.048017 16.588568 0.076284
2459806.054961 16.560308 0.074230
2459806.061905 16.521038 0.071508
2459806.068850 16.447079 0.066643
2459806.075794 16.526583 0.071848
2459806.082739 16.552061 0.073615
2459806.089683 16.575123 0.075256
2459806.096627 16.603752 0.077284
2459806.103572 16.463182 0.067843
2459806.110516 16.538256 0.072680
2459806.117461 16.556564 0.073958
2459806.124405 16.687822 0.083923
2459806.131349 16.535175 0.072584
2459806.138294 16.529499 0.072222
2459806.145238 16.480799 0.068943
2459806.152183 16.516741 0.071415
2459806.159127 16.552496 0.073874
2459806.166071 16.543999 0.073316
2459806.173016 16.620321 0.078800
2459806.179960 16.502493 0.070537
2459806.186905 16.465837 0.068173
2459806.193849 16.446772 0.066975
2459806.200793 16.602583 0.077543
2459806.207738 16.361254 0.061761
2459806.214682 16.365467 0.062065
2459806.221626 16.485538 0.069446
2459806.228571 16.451296 0.067248
2459806.235515 16.582233 0.076058
2459806.242460 16.422083 0.065346
2459806.249404 16.474422 0.068625
2459806.256348 16.501324 0.070322
2459806.263293 16.413160 0.064664
2459806.270237 16.457409 0.067373
2459806.277182 16.346809 0.060660
2459806.284126 16.346260 0.060583
2459806.291070 16.482355 0.068808
2459806.298015 16.415911 0.064527
2459806.304959 16.342566 0.060229
2459806.311904 16.436701 0.065712
2459806.318848 16.509888 0.070518
2459806.325792 16.430981 0.065241
2459806.332737 16.496437 0.069365
2459806.339681 16.507313 0.070053
2459806.346626 16.530064 0.071562
2459806.353570 16.467865 0.067482
2459806.360514 16.627008 0.078414
2459806.367459 16.546089 0.072636
2459806.374403 16.602497 0.076545
2459806.381348 16.572659 0.074446
2459806.388292 16.542608 0.072461
2459806.395236 16.561678 0.073786
2459806.402181 16.576239 0.074867
2459806.409125 16.581976 0.075141
2459806.416070 16.598408 0.076402
2459806.423014 16.619646 0.078109
2459806.429958 16.529804 0.071639
2459806.436903 16.611162 0.077413
2459806.443847 16.504837 0.070040
2459806.450792 16.455313 0.066876
2459806.457736 16.506704 0.070309
2459806.464680 16.346205 0.060490
2459806.471625 16.451855 0.066830
2459806.478569 16.360777 0.061460
2459806.485514 16.441090 0.066371
2459806.492458 16.348785 0.060888
2459806.499402 16.314257 0.059052
2459806.506347 16.438122 0.066444
2459806.513291 16.336555 0.060463
2459806.520236 16.352777 0.061477
2459806.527180 16.422312 0.065705
2459806.534124 16.437418 0.066781
2459806.541069 16.317345 0.059767
2459806.548013 16.384949 0.063723
2459806.554958 16.612169 0.079115
2459806.561902 16.452190 0.068164
2459806.568846 16.548559 0.074822
2459806.575791 16.504040 0.071682
2459806.582735 16.438828 0.067522
2459806.589680 16.521381 0.073083
2459806.596624 16.496227 0.071488
2459806.603568 16.595030 0.078589
2459806.610513 16.604324 0.079384
2459806.617457 16.506414 0.072418
2459806.624402 16.470888 0.070106
2459806.631346 16.585228 0.078355
2459806.638290 16.372337 0.064008
2459806.645235 16.346449 0.062539
2459806.652179 16.508015 0.072919
2459806.659124 16.458771 0.069663
2459806.666068 16.504066 0.072831
2459806.673012 16.423374 0.067504
2459806.679957 16.369471 0.064186
2459806.686901 16.454903 0.069614
2459806.693846 16.393513 0.065769
2459806.700790 16.426001 0.067858
2459806.707734 16.333214 0.062338
2459806.714679 16.391888 0.065812
2459806.721623 16.372576 0.064719
2459806.728568 16.362717 0.064141
2459806.735512 16.373020 0.064815
2459806.742456 16.287598 0.059835
2459806.749401 16.287222 0.059946
2459806.756345 16.261974 0.058525
2459806.763290 16.269545 0.058953
2459806.770234 16.271299 0.059076
2459806.777178 16.348076 0.063528
2459806.784123 16.245352 0.057717
2459806.791067 16.354179 0.063949
2459806.798012 16.377726 0.065525
2459806.804956 16.264832 0.058948
2459806.811900 16.252125 0.058237
2459806.818845 16.303242 0.061132
2459806.825789 16.257126 0.058592
2459806.832734 16.139038 0.052451
2459806.839678 16.218868 0.056589
2459806.846622 16.186455 0.054919
2459806.853567 16.222164 0.056797
2459806.860511 16.261307 0.058970
2459806.867456 16.294674 0.060888
2459806.874400 16.187098 0.054967
2459806.881344 16.278976 0.059964
2459806.888289 16.250450 0.058302
2459806.895233 16.225368 0.056910
2459806.902177 16.192533 0.055288
2459806.909122 16.160755 0.053549
2459806.916066 16.233044 0.057279
2459806.923011 16.164989 0.053649
2459806.929955 16.294767 0.060566
2459806.936899 16.219521 0.056341
2459806.943844 16.141714 0.052325
2459806.950788 16.161394 0.053340
2459806.957733 16.123072 0.051324
2459806.964677 16.126839 0.051488
2459806.971621 16.129250 0.051468
2459806.978566 16.151600 0.052468
2459806.985510 16.155880 0.052632
2459806.992455 16.040531 0.047236
2459806.999399 16.204800 0.054938
2459807.006343 16.133591 0.051354
2459807.013288 16.138971 0.051621
2459807.020232 16.235214 0.056386
2459807.027177 16.160904 0.052545
2459807.034121 15.973492 0.044157
2459807.041065 16.092182 0.049189
2459807.048010 16.073828 0.048319
2459807.054954 16.142540 0.051542
2459807.061899 16.166723 0.052652
2459807.068843 16.073828 0.048322
2459807.075787 16.031902 0.046373
2459807.082732 16.065123 0.047838
2459807.089676 16.086855 0.048848
2459807.096621 16.058622 0.047538
2459807.103565 16.033073 0.046494
2459807.110509 15.997480 0.044878
2459807.117454 16.032972 0.046427
2459807.124398 16.055325 0.047410
2459807.131343 16.016552 0.045744
2459807.138287 15.996856 0.044935
2459807.145231 15.998907 0.045046
2459807.152176 16.081022 0.048651
2459807.159120 16.053806 0.047457
2459807.166065 16.072285 0.048301
2459807.173009 16.148327 0.051881
2459807.179953 16.132179 0.051105
2459807.186898 16.160385 0.052504
2459807.193842 16.127293 0.050915
2459807.200787 16.184542 0.053748
2459807.207731 16.076292 0.048598
2459807.214675 16.204752 0.054766
2459807.221620 16.152840 0.052188
2459807.228564 16.111725 0.050185
2459807.235509 16.053757 0.047613
2459807.242453 16.046381 0.047208
2459807.249397 16.082382 0.048823
2459807.256342 16.096182 0.049445
2459807.263286 16.074917 0.048436
2459807.270231 16.115307 0.050311
2459807.277175 16.156548 0.052270
2459807.284119 16.115753 0.050261
2459807.291064 16.063780 0.047828
2459807.298008 16.046242 0.047041
2459807.304953 16.139366 0.051252
2459807.311897 16.247234 0.056719
2459807.318841 16.076607 0.048282
2459807.325786 16.016321 0.045675
2459807.332730 16.103752 0.049457
2459807.339675 16.201834 0.054171
2459807.346619 16.038891 0.046491
2459807.353563 16.022600 0.045790
2459807.360508 16.159824 0.052000
2459807.367452 16.222660 0.055117
2459807.374396 16.132065 0.050697
2459807.381341 16.029221 0.045968
2459807.388285 16.142925 0.051086
2459807.395230 16.093014 0.048764
2459807.402174 16.075325 0.047960
2459807.409118 16.070534 0.047745
2459807.416063 16.063046 0.047467
2459807.423007 16.093382 0.048857
2459807.429952 16.077374 0.048100
2459807.436896 15.976242 0.043849
2459807.443840 15.967128 0.043448
2459807.450785 16.104143 0.049445
2459807.457729 16.022192 0.045769
2459807.464674 15.980602 0.044058
2459807.471618 16.022755 0.045858
2459807.478562 15.985296 0.044371
2459807.485507 15.983765 0.044388
2459807.492451 15.858849 0.039553
2459807.499396 15.967989 0.043783
2459807.506340 15.903496 0.041308
2459807.513284 16.048807 0.047333
2459807.520229 15.951620 0.043319
2459807.527173 15.972097 0.044210
2459807.534118 15.985494 0.044844
2459807.541062 15.926267 0.042509
2459807.548006 15.992116 0.045293
2459807.554951 16.034016 0.047155
2459807.561895 16.006733 0.046044
2459807.568840 16.035437 0.047391
2459807.575784 16.025692 0.047072
2459807.582728 15.980721 0.045172
2459807.589673 16.057228 0.048590
2459807.596617 16.014130 0.046775
2459807.603562 16.117527 0.051548
2459807.610506 16.018459 0.047109
2459807.617450 16.034052 0.047876
2459807.624395 15.949423 0.044267
2459807.631339 15.993563 0.046192
2459807.638284 15.986279 0.046014
2459807.645228 15.961226 0.044955
2459807.652172 15.990913 0.046256
2459807.659117 15.936532 0.044038
2459807.666061 16.031019 0.048124
2459807.673006 16.033319 0.048317
2459807.679950 15.945312 0.044588
2459807.686894 15.978397 0.045966
2459807.693839 15.952415 0.044952
2459807.700783 15.917475 0.043524
2459807.707728 15.955542 0.045137
2459807.714672 15.851808 0.041020
2459807.721616 15.899940 0.042966
2459807.728561 15.938586 0.044573
2459807.735505 15.977476 0.046235
2459807.742450 15.958803 0.045495
2459807.749394 15.976181 0.046276
2459807.756338 15.916088 0.043783
2459807.763283 15.890262 0.042775
2459807.770227 15.954903 0.045488
2459807.777172 15.937790 0.044771
2459807.784116 15.965101 0.045955
2459807.791060 15.932865 0.044639
2459807.798005 15.979831 0.046722
2459807.804949 15.928347 0.044554
2459807.811893 15.938469 0.044958
2459807.818838 15.881636 0.042732
2459807.825782 15.922750 0.044366
2459807.832727 15.933425 0.044826
2459807.839671 15.881743 0.042786
2459807.846615 15.882277 0.042809
2459807.853560 15.882774 0.042824
2459807.860504 15.884554 0.042951
2459807.867449 15.945362 0.045425
2459807.874393 15.750875 0.037935
2459807.881337 15.839092 0.041155
2459807.888282 15.811683 0.040114
2459807.895226 15.823766 0.040551
2459807.902171 15.835343 0.041039
2459807.909115 15.857988 0.041851
2459807.916059 15.847574 0.041416
2459807.923004 15.855179 0.041698
2459807.929948 15.788431 0.039142
2459807.936893 15.866318 0.042045
2459807.943837 15.841461 0.041007
2459807.950781 15.874098 0.042245
2459807.957726 15.898973 0.043145
2459807.964670 15.889343 0.042718
2459807.971615 15.910481 0.043494
2459807.978559 15.879011 0.042197
2459807.985503 15.826540 0.040106
2459807.992448 15.892664 0.042598
2459807.999392 15.926927 0.043908
2459808.006337 15.919308 0.043595
2459808.013281 15.904444 0.042883
2459808.020225 15.872051 0.041582
2459808.027170 15.919727 0.043387
2459808.034114 15.908554 0.042867
2459808.041059 15.869545 0.041330
2459808.048003 15.862364 0.041059
2459808.054947 15.920445 0.043180
2459808.061892 15.848543 0.040362
2459808.068836 15.869096 0.041107
2459808.075781 15.803654 0.038670
2459808.082725 15.856556 0.040583
2459808.089669 15.913224 0.042715
2459808.096614 15.966835 0.044877
2459808.103558 15.887472 0.041662
2459808.110503 15.956390 0.044402
2459808.117447 15.898750 0.042105
2459808.124391 15.893774 0.041884
2459808.131336 15.933229 0.043447
2459808.138280 15.984079 0.045515
2459808.145224 15.896346 0.041988
2459808.152169 16.014147 0.046790
2459808.159113 15.878067 0.041242
2459808.166058 15.990644 0.045823
2459808.173002 15.969793 0.044973
2459808.179946 15.944572 0.043902
2459808.186891 15.891301 0.041779
2459808.193835 15.998983 0.046199
2459808.200780 15.984613 0.045529
2459808.207724 15.946732 0.043958
2459808.214668 15.981214 0.045374
2459808.221613 16.097897 0.050589
2459808.228557 16.044710 0.048144
2459808.235502 16.033924 0.047642
2459808.242446 15.974362 0.045043
2459808.249390 15.877384 0.041116
2459808.256335 15.986542 0.045493
2459808.263279 16.048803 0.048262
2459808.270224 15.929583 0.043090
2459808.277168 15.960801 0.044345
2459808.284112 15.988846 0.045448
2459808.291057 15.956847 0.044089
2459808.298001 16.011618 0.046407
2459808.304946 15.988644 0.045349
2459808.311890 15.991331 0.045442
2459808.318834 15.975204 0.044717
2459808.325779 16.034552 0.047207
2459808.332723 15.996634 0.045565
2459808.339668 15.984907 0.045025
2459808.346612 15.976771 0.044594
2459808.353556 16.005112 0.045806
2459808.360501 16.007465 0.045791
2459808.367445 16.088558 0.049341
2459808.374390 16.056871 0.047874
2459808.381334 15.990473 0.044975
2459808.388278 15.984316 0.044709
2459808.395223 15.915243 0.041878
2459808.402167 16.022682 0.046231
2459808.409112 15.984530 0.044604
2459808.416056 16.007233 0.045538
2459808.423000 16.102015 0.049732
2459808.429945 16.016588 0.045893
2459808.436889 15.984526 0.044518
2459808.443834 15.998256 0.045096
2459808.450778 15.937031 0.042600
2459808.457722 15.988402 0.044662
2459808.464667 16.017035 0.045872
2459808.471611 16.124142 0.050708
2459808.478555 15.947201 0.042990
2459808.485500 15.987963 0.044747
2459808.492444 16.041168 0.046986
2459808.499389 16.014889 0.045857
2459808.506333 16.041029 0.046994
2459808.513277 16.090063 0.049235
2459808.520222 16.012470 0.045819
2459808.527166 15.989967 0.044902
2459808.534111 16.017220 0.046195
2459808.541055 16.114035 0.050540
2459808.547999 16.091139 0.049604
2459808.554944 16.035995 0.047074
2459808.561888 16.084707 0.049322
2459808.568833 16.054989 0.048021
2459808.575777 15.961405 0.044086
2459808.582721 16.060808 0.048449
2459808.589666 16.064901 0.048673
2459808.596610 16.076210 0.049203
2459808.603555 16.060814 0.048568
2459808.610499 15.966520 0.044544
2459808.617443 16.058992 0.048611
2459808.624388 16.021830 0.047004
2459808.631332 16.012659 0.046691
2459808.638277 16.089649 0.050195
2459808.645221 16.056643 0.048758
2459808.652165 15.992813 0.046025
2459808.659110 16.067171 0.049320
2459808.666054 15.998939 0.046339
2459808.672999 16.015663 0.047105
2459808.679943 16.020386 0.047322
2459808.686887 15.983318 0.045752
2459808.693832 15.938280 0.043891
2459808.700776 15.981261 0.045728
2459808.707721 16.015404 0.047187
2459808.714665 15.999799 0.046507
2459808.721609 15.861839 0.040938
2459808.728554 15.997330 0.046456
2459808.735498 15.933909 0.043799
2459808.742443 15.957009 0.044760
2459808.749387 15.943797 0.044230
2459808.756331 15.951298 0.044564
2459808.763276 15.990416 0.046228
2459808.770220 15.943928 0.044269
2459808.777164 16.058609 0.049308
2459808.784109 15.984644 0.045937
2459808.791053 15.996382 0.046470
2459808.797998 15.999710 0.046576
2459808.804942 15.913319 0.042964
2459808.811886 15.923656 0.043335
2459808.818831 15.947302 0.044280
2459808.825775 15.936658 0.043812
2459808.832720 15.951620 0.044462
2459808.839664 15.915263 0.042896
2459808.846608 15.934946 0.043666
2459808.853553 15.948851 0.044180
2459808.860497 15.911016 0.042655
2459808.867442 15.951128 0.044186
2459808.874386 15.905245 0.042300
2459808.881330 15.938334 0.043579
2459808.888275 15.932636 0.043282
2459808.895219 15.962618 0.044451
2459808.902164 15.969360 0.044675
2459808.909108 16.015465 0.046602
2459808.916052 15.950856 0.043768
2459808.922997 15.928974 0.042817
2459808.929941 15.954563 0.043777
2459808.936886 15.883369 0.040909
2459808.943830 15.963481 0.043982
2459808.950774 16.053490 0.047790
2459808.957719 15.980263 0.044495
2459808.964663 16.039251 0.046921
2459808.971608 15.991798 0.044793
2459808.978552 15.996824 0.044891
2459808.985496 15.964370 0.043447
2459808.992441 15.988490 0.044347
2459808.999385 16.027866 0.045908
2459809.006329 15.915283 0.041222
2459809.013274 15.889997 0.040188
2459809.020218 16.000322 0.044422
2459809.027163 15.956195 0.042530
2459809.034107 15.934281 0.041552
2459809.041051 15.940926 0.041740
2459809.047996 15.862684 0.038733
2459809.054940 15.919926 0.040736
2459809.061885 15.973599 0.042707
2459809.068829 15.904932 0.040016
2459809.075773 15.949791 0.041630
2459809.082718 15.950096 0.041563
2459809.089662 15.984653 0.042828
2459809.096607 15.878138 0.038737
2459809.103551 15.824450 0.036773
2459809.110495 15.920736 0.040169
2459809.117440 15.799995 0.035830
2459809.124384 15.887598 0.038779
2459809.131329 15.946412 0.040933
2459809.138273 15.801600 0.035714
2459809.145217 15.828703 0.036585
2459809.152162 15.882643 0.038386
2459809.159106 15.857217 0.037545
2459809.166051 15.955540 0.041048
2459809.172995 15.879965 0.038154
2459809.179939 15.861673 0.037455
2459809.186884 15.907784 0.039035
2459809.193828 15.876839 0.037879
2459809.200773 15.915247 0.039189
2459809.207717 15.867963 0.037458
2459809.214661 15.868492 0.037464
2459809.221606 15.906363 0.038771
2459809.228550 15.936171 0.039734
2459809.235494 15.793777 0.034778
2459809.242439 15.893867 0.038065
2459809.249383 15.818049 0.035421
2459809.256328 15.767510 0.033746
2459809.263272 15.798561 0.034646
2459809.270216 15.892529 0.037734
2459809.277161 15.841657 0.035901
2459809.284105 15.771282 0.033558
2459809.291050 15.798205 0.034430
2459809.297994 15.767857 0.033287
2459809.304938 15.779840 0.033575
2459809.311883 15.857226 0.035950
2459809.318827 15.750663 0.032488
2459809.325772 15.823021 0.034669
2459809.332716 15.799976 0.033818
2459809.339660 15.802244 0.033781
2459809.346605 15.804228 0.033757
2459809.353549 15.759563 0.032308
2459809.360494 15.796137 0.033321
2459809.367438 15.839005 0.034570
2459809.374382 15.821803 0.033961
2459809.381327 15.847481 0.034607
2459809.388271 15.799458 0.033087
2459809.395216 15.791552 0.032702
2459809.402160 15.749668 0.031418
2459809.409104 15.790899 0.032536
2459809.416049 15.791102 0.032395
2459809.422993 15.718633 0.030275
2459809.429937 15.712571 0.029977
2459809.436882 15.803995 0.032545
2459809.443826 15.797459 0.032293
2459809.450771 15.807902 0.032533
2459809.457715 15.840395 0.033448
2459809.464659 15.752258 0.030791
2459809.471604 15.743568 0.030521
2459809.478548 15.779840 0.031524
2459809.485493 15.754422 0.030745
2459809.492437 15.773138 0.031266
2459809.499381 15.811375 0.032379
2459809.506326 15.748072 0.030549
2459809.513270 15.763967 0.031032
2459809.520215 15.796782 0.031943
2459809.527159 15.810764 0.032344
2459809.534103 15.764213 0.030994
2459809.541048 15.836515 0.033130
2459809.547992 15.821255 0.032675
2459809.554937 15.802712 0.032118
2459809.561881 15.832087 0.033063
2459809.568825 15.758037 0.030840
2459809.575770 15.734583 0.030157
2459809.582714 15.750854 0.030594
2459809.589658 15.774023 0.031292
2459809.596603 15.775991 0.031359
2459809.603547 15.785564 0.031641
2459809.610492 15.753984 0.030696
2459809.617436 15.763201 0.031011
2459809.624380 15.744146 0.030418
2459809.631325 15.676594 0.028595
2459809.638269 15.725481 0.029930
2459809.645214 15.744612 0.030449
2459809.652158 15.810243 0.032346
2459809.659102 15.702023 0.029281
2459809.666047 15.763029 0.030965
2459809.672991 15.768991 0.031138
2459809.679936 15.728786 0.030007
2459809.686880 15.732734 0.030113
2459809.693824 15.693129 0.029035
2459809.700769 15.779432 0.031441
2459809.707713 15.751673 0.030648
2459809.714657 15.712953 0.029543
2459809.721602 15.769032 0.031202
2459809.728546 15.745472 0.030517
2459809.735491 15.769421 0.031188
2459809.742435 15.725821 0.029923
2459809.749379 15.725865 0.029908
2459809.756324 15.802767 0.032154
2459809.763268 15.787708 0.031671
2459809.770213 15.780819 0.031453
2459809.777157 15.693212 0.029046
2459809.784101 15.701239 0.029286
2459809.791046 15.664820 0.028303
2459809.797990 15.763995 0.031005
2459809.804935 15.735306 0.030185
2459809.811879 15.765621 0.031038
2459809.818823 15.729078 0.030020
2459809.825768 15.755587 0.030771
2459809.832712 15.703411 0.029308
2459809.839656 15.669945 0.028424
2459809.846601 15.709500 0.029487
2459809.853545 15.689511 0.028971
2459809.860490 15.658157 0.028128
2459809.867434 15.707747 0.029469
2459809.874378 15.678799 0.028680
2459809.881323 15.669573 0.028433
2459809.888267 15.655251 0.028144
2459809.895212 15.672412 0.028569
2459809.902156 15.616310 0.027084
2459809.909100 15.669159 0.028421
2459809.916045 15.746730 0.030503
2459809.922989 15.636591 0.027633
2459809.929933 15.685819 0.028847
2459809.936878 15.699751 0.029227
2459809.943822 15.649904 0.027997
2459809.950767 15.683585 0.028837
2459809.957711 15.642024 0.027714
